 6.000000  148.000000  72.000000  35.000000  160.671042  33.600000  0.627000  50.000000  1.000000
 1.000000  85.000000  66.000000  29.000000  62.269622  26.600000  0.351000  31.000000  0.000000
 8.000000  183.000000  64.000000  24.252395  186.965234  23.300000  0.672000  32.000000  1.000000
 1.000000  89.000000  66.000000  23.000000  94.000000  28.100000  0.167000  21.000000  0.000000
 0.000000  137.000000  40.000000  35.000000  168.000000  43.100000  2.288000  33.000000  1.000000
 5.000000  116.000000  74.000000  19.357863  103.915657  25.600000  0.201000  30.000000  0.000000
 3.000000  78.000000  50.000000  32.000000  88.000000  31.000000  0.248000  26.000000  1.000000
 10.000000  115.000000  67.457471  29.703773  121.102454  35.300000  0.134000  29.000000  0.000000
 2.000000  197.000000  70.000000  45.000000  543.000000  30.500000  0.158000  53.000000  1.000000
 8.000000  125.000000  96.000000  24.816857  188.663645  34.041883  0.232000  54.000000  1.000000
 4.000000  110.000000  92.000000  31.775452  143.846052  37.600000  0.191000  30.000000  0.000000
 10.000000  168.000000  74.000000  34.825796  222.349881  38.000000  0.537000  34.000000  1.000000
 10.000000  139.000000  80.000000  23.807862  198.753745  27.100000  1.441000  57.000000  0.000000
 1.000000  189.000000  60.000000  23.000000  846.000000  30.100000  0.398000  59.000000  1.000000
 5.000000  166.000000  72.000000  19.000000  175.000000  25.800000  0.587000  51.000000  1.000000
 7.000000  100.000000  71.657978  27.238958  76.289767  30.000000  0.484000  32.000000  1.000000
 0.000000  118.000000  84.000000  47.000000  230.000000  45.800000  0.551000  31.000000  1.000000
 7.000000  107.000000  74.000000  31.127622  114.287746  29.600000  0.254000  31.000000  1.000000
 1.000000  103.000000  30.000000  38.000000  83.000000  43.300000  0.183000  33.000000  0.000000
 1.000000  115.000000  70.000000  30.000000  96.000000  34.600000  0.529000  32.000000  1.000000
 3.000000  126.000000  88.000000  41.000000  235.000000  39.300000  0.704000  27.000000  0.000000
 8.000000  99.000000  84.000000  29.145895  138.847073  35.400000  0.388000  50.000000  0.000000
 7.000000  196.000000  90.000000  31.246552  206.740319  39.800000  0.451000  41.000000  1.000000
 9.000000  119.000000  80.000000  35.000000  132.588511  29.000000  0.263000  29.000000  1.000000
 11.000000  143.000000  94.000000  33.000000  146.000000  36.600000  0.254000  51.000000  1.000000
 10.000000  125.000000  70.000000  26.000000  115.000000  31.100000  0.205000  41.000000  1.000000
 7.000000  147.000000  76.000000  36.251504  187.570258  39.400000  0.257000  43.000000  1.000000
 1.000000  97.000000  66.000000  15.000000  140.000000  23.200000  0.487000  22.000000  0.000000
 13.000000  145.000000  82.000000  19.000000  110.000000  22.200000  0.245000  57.000000  0.000000
 5.000000  117.000000  92.000000  27.441319  133.469879  34.100000  0.337000  38.000000  0.000000
 5.000000  109.000000  75.000000  26.000000  233.919112  36.000000  0.546000  60.000000  0.000000
 3.000000  158.000000  76.000000  36.000000  245.000000  31.600000  0.851000  28.000000  1.000000
 3.000000  88.000000  58.000000  11.000000  54.000000  24.800000  0.267000  22.000000  0.000000
 6.000000  92.000000  92.000000  16.439256  74.070641  19.900000  0.188000  28.000000  0.000000
 10.000000  122.000000  78.000000  31.000000  183.793072  27.600000  0.512000  45.000000  0.000000
 4.000000  103.000000  60.000000  33.000000  192.000000  24.000000  0.966000  33.000000  0.000000
 11.000000  138.000000  76.000000  29.726763  130.758030  33.200000  0.420000  35.000000  0.000000
 9.000000  102.000000  76.000000  37.000000  133.215028  32.900000  0.665000  46.000000  1.000000
 2.000000  90.000000  68.000000  42.000000  112.260794  38.200000  0.503000  27.000000  1.000000
 4.000000  111.000000  72.000000  47.000000  207.000000  37.100000  1.390000  56.000000  1.000000
 3.000000  180.000000  64.000000  25.000000  70.000000  34.000000  0.271000  26.000000  0.000000
 7.000000  133.000000  84.000000  33.230192  121.005815  40.200000  0.696000  37.000000  0.000000
 7.000000  106.000000  92.000000  18.000000  132.803444  22.700000  0.235000  48.000000  0.000000
 9.000000  171.000000  110.000000  24.000000  240.000000  45.400000  0.721000  54.000000  1.000000
 7.000000  159.000000  64.000000  27.271379  211.204080  27.400000  0.294000  40.000000  0.000000
 0.000000  180.000000  66.000000  39.000000  371.422738  42.000000  1.893000  25.000000  1.000000
 1.000000  146.000000  56.000000  30.063437  203.701224  29.700000  0.564000  29.000000  0.000000
 2.000000  71.000000  70.000000  27.000000  46.358585  28.000000  0.586000  22.000000  0.000000
 7.000000  103.000000  66.000000  32.000000  151.740304  39.100000  0.344000  31.000000  1.000000
 7.000000  105.000000  58.990512  29.402935  122.271709  31.689636  0.305000  24.000000  0.000000
 1.000000  103.000000  80.000000  11.000000  82.000000  19.400000  0.491000  22.000000  0.000000
 1.000000  101.000000  50.000000  15.000000  36.000000  24.200000  0.526000  26.000000  0.000000
 5.000000  88.000000  66.000000  21.000000  23.000000  24.400000  0.342000  30.000000  0.000000
 8.000000  176.000000  90.000000  34.000000  300.000000  33.700000  0.467000  58.000000  1.000000
 7.000000  150.000000  66.000000  42.000000  342.000000  34.700000  0.718000  42.000000  0.000000
 1.000000  73.000000  50.000000  10.000000  50.807824  23.000000  0.248000  21.000000  0.000000
 7.000000  187.000000  68.000000  39.000000  304.000000  37.700000  0.254000  41.000000  1.000000
 0.000000  100.000000  88.000000  60.000000  110.000000  46.800000  0.962000  31.000000  0.000000
 0.000000  146.000000  82.000000  42.166566  169.610128  40.500000  1.781000  44.000000  0.000000
 0.000000  105.000000  64.000000  41.000000  142.000000  41.500000  0.173000  22.000000  0.000000
 2.000000  84.000000  73.990734  20.001919  23.033699  27.705491  0.304000  21.000000  0.000000
 8.000000  133.000000  72.000000  33.894240  112.471243  32.900000  0.270000  39.000000  1.000000
 5.000000  44.000000  62.000000  30.118457  39.267736  25.000000  0.587000  36.000000  0.000000
 2.000000  141.000000  58.000000  34.000000  128.000000  25.400000  0.699000  24.000000  0.000000
 7.000000  114.000000  66.000000  36.323301  106.893672  32.800000  0.258000  42.000000  1.000000
 5.000000  99.000000  74.000000  27.000000  130.336552  29.000000  0.203000  32.000000  0.000000
 0.000000  109.000000  88.000000  30.000000  147.950852  32.500000  0.855000  38.000000  1.000000
 2.000000  109.000000  92.000000  35.472670  122.493131  42.700000  0.845000  54.000000  0.000000
 1.000000  95.000000  66.000000  13.000000  38.000000  19.600000  0.334000  25.000000  0.000000
 4.000000  146.000000  85.000000  27.000000  100.000000  28.900000  0.189000  27.000000  0.000000
 2.000000  100.000000  66.000000  20.000000  90.000000  32.900000  0.867000  28.000000  1.000000
 5.000000  139.000000  64.000000  35.000000  140.000000  28.600000  0.411000  26.000000  0.000000
 13.000000  126.000000  90.000000  34.212619  126.758335  43.400000  0.583000  42.000000  1.000000
 4.000000  129.000000  86.000000  20.000000  270.000000  35.100000  0.231000  23.000000  0.000000
 1.000000  79.000000  75.000000  30.000000  58.925119  32.000000  0.396000  22.000000  0.000000
 1.000000  77.552480  48.000000  20.000000  146.969472  24.700000  0.140000  22.000000  0.000000
 7.000000  62.000000  78.000000  30.182558  54.159265  32.600000  0.391000  41.000000  0.000000
 5.000000  95.000000  72.000000  33.000000  111.362087  37.700000  0.370000  27.000000  0.000000
 0.000000  131.000000  69.331814  42.849432  200.109036  43.200000  0.270000  26.000000  1.000000
 2.000000  112.000000  66.000000  22.000000  100.363792  25.000000  0.307000  24.000000  0.000000
 3.000000  113.000000  44.000000  13.000000  87.664515  22.400000  0.140000  22.000000  0.000000
 2.000000  74.000000  48.672820  19.547664  36.150020  25.048924  0.102000  22.000000  0.000000
 7.000000  83.000000  78.000000  26.000000  71.000000  29.300000  0.767000  36.000000  0.000000
 0.000000  101.000000  65.000000  28.000000  92.652822  24.600000  0.237000  22.000000  0.000000
 5.000000  137.000000  108.000000  36.165316  126.955002  48.800000  0.227000  37.000000  1.000000
 2.000000  110.000000  74.000000  29.000000  125.000000  32.400000  0.698000  27.000000  0.000000
 13.000000  106.000000  72.000000  54.000000  160.797567  36.600000  0.178000  45.000000  0.000000
 2.000000  100.000000  68.000000  25.000000  71.000000  38.500000  0.324000  26.000000  0.000000
 15.000000  136.000000  70.000000  32.000000  110.000000  37.100000  0.153000  43.000000  1.000000
 1.000000  107.000000  68.000000  19.000000  71.917715  26.500000  0.165000  24.000000  0.000000
 1.000000  80.000000  55.000000  14.457799  75.877622  19.100000  0.258000  21.000000  0.000000
 4.000000  123.000000  80.000000  15.000000  176.000000  32.000000  0.443000  34.000000  0.000000
 7.000000  81.000000  78.000000  40.000000  48.000000  46.700000  0.261000  42.000000  0.000000
 4.000000  134.000000  72.000000  22.845358  241.411822  23.800000  0.277000  60.000000  1.000000
 2.000000  142.000000  82.000000  18.000000  64.000000  24.700000  0.761000  21.000000  0.000000
 6.000000  144.000000  72.000000  27.000000  228.000000  33.900000  0.255000  40.000000  0.000000
 2.000000  92.000000  62.000000  28.000000  77.469024  31.600000  0.130000  24.000000  0.000000
 1.000000  71.000000  48.000000  18.000000  76.000000  20.400000  0.323000  22.000000  0.000000
 6.000000  93.000000  50.000000  30.000000  64.000000  28.700000  0.356000  23.000000  0.000000
 1.000000  122.000000  90.000000  51.000000  220.000000  49.700000  0.325000  31.000000  1.000000
 1.000000  163.000000  72.000000  31.182938  289.369475  39.000000  1.222000  33.000000  1.000000
 1.000000  151.000000  60.000000  26.395291  258.194321  26.100000  0.179000  22.000000  0.000000
 0.000000  125.000000  96.000000  25.262810  119.855884  22.500000  0.262000  21.000000  0.000000
 1.000000  81.000000  72.000000  18.000000  40.000000  26.600000  0.283000  24.000000  0.000000
 2.000000  85.000000  65.000000  35.893602  91.137555  39.600000  0.930000  27.000000  0.000000
 1.000000  126.000000  56.000000  29.000000  152.000000  28.700000  0.801000  21.000000  0.000000
 1.000000  96.000000  122.000000  26.144252  73.302256  22.400000  0.207000  27.000000  0.000000
 4.000000  144.000000  58.000000  28.000000  140.000000  29.500000  0.287000  37.000000  0.000000
 3.000000  83.000000  58.000000  31.000000  18.000000  34.300000  0.336000  25.000000  0.000000
 0.000000  95.000000  85.000000  25.000000  36.000000  37.400000  0.247000  24.000000  1.000000
 3.000000  171.000000  72.000000  33.000000  135.000000  33.300000  0.199000  24.000000  1.000000
 8.000000  155.000000  62.000000  26.000000  495.000000  34.000000  0.543000  46.000000  1.000000
 1.000000  89.000000  76.000000  34.000000  37.000000  31.200000  0.192000  23.000000  0.000000
 4.000000  76.000000  62.000000  30.398261  47.882117  34.000000  0.391000  25.000000  0.000000
 7.000000  160.000000  54.000000  32.000000  175.000000  30.500000  0.588000  39.000000  1.000000
 4.000000  146.000000  92.000000  28.155227  202.230556  31.200000  0.539000  61.000000  1.000000
 5.000000  124.000000  74.000000  36.938248  187.286751  34.000000  0.220000  38.000000  1.000000
 5.000000  78.000000  48.000000  27.570401  81.603624  33.700000  0.654000  25.000000  0.000000
 4.000000  97.000000  60.000000  23.000000  87.510653  28.200000  0.443000  22.000000  0.000000
 4.000000  99.000000  76.000000  15.000000  51.000000  23.200000  0.223000  21.000000  0.000000
 0.000000  162.000000  76.000000  56.000000  100.000000  53.200000  0.759000  25.000000  1.000000
 6.000000  111.000000  64.000000  39.000000  127.232581  34.200000  0.260000  24.000000  0.000000
 2.000000  107.000000  74.000000  30.000000  100.000000  33.600000  0.404000  23.000000  0.000000
 5.000000  132.000000  80.000000  25.882347  207.924428  26.800000  0.186000  69.000000  0.000000
 0.000000  113.000000  76.000000  32.868103  146.905827  33.300000  0.278000  23.000000  1.000000
 1.000000  88.000000  30.000000  42.000000  99.000000  55.000000  0.496000  26.000000  1.000000
 3.000000  120.000000  70.000000  30.000000  135.000000  42.900000  0.452000  30.000000  0.000000
 1.000000  118.000000  58.000000  36.000000  94.000000  33.300000  0.261000  23.000000  0.000000
 1.000000  117.000000  88.000000  24.000000  145.000000  34.500000  0.403000  40.000000  1.000000
 0.000000  105.000000  84.000000  34.187442  174.196785  27.900000  0.741000  62.000000  1.000000
 4.000000  173.000000  70.000000  14.000000  168.000000  29.700000  0.361000  33.000000  1.000000
 9.000000  122.000000  56.000000  30.122911  145.573939  33.300000  1.114000  33.000000  1.000000
 3.000000  170.000000  64.000000  37.000000  225.000000  34.500000  0.356000  30.000000  1.000000
 8.000000  84.000000  74.000000  31.000000  60.839354  38.300000  0.457000  39.000000  0.000000
 2.000000  96.000000  68.000000  13.000000  49.000000  21.100000  0.647000  26.000000  0.000000
 2.000000  125.000000  60.000000  20.000000  140.000000  33.800000  0.088000  31.000000  0.000000
 0.000000  100.000000  70.000000  26.000000  50.000000  30.800000  0.597000  21.000000  0.000000
 0.000000  93.000000  60.000000  25.000000  92.000000  28.700000  0.532000  22.000000  0.000000
 0.000000  129.000000  80.000000  25.867277  152.842031  31.200000  0.703000  29.000000  0.000000
 5.000000  105.000000  72.000000  29.000000  325.000000  36.900000  0.159000  28.000000  0.000000
 3.000000  128.000000  78.000000  24.618487  295.504165  21.100000  0.268000  55.000000  0.000000
 5.000000  106.000000  82.000000  30.000000  151.736064  39.500000  0.286000  38.000000  0.000000
 2.000000  108.000000  52.000000  26.000000  63.000000  32.500000  0.318000  22.000000  0.000000
 10.000000  108.000000  66.000000  35.967569  123.739531  32.400000  0.272000  42.000000  1.000000
 4.000000  154.000000  62.000000  31.000000  284.000000  32.800000  0.237000  23.000000  0.000000
 0.000000  102.000000  75.000000  23.000000  40.989099  27.313806  0.572000  21.000000  0.000000
 9.000000  57.000000  80.000000  37.000000  53.153381  32.800000  0.096000  41.000000  0.000000
 2.000000  106.000000  64.000000  35.000000  119.000000  30.500000  1.400000  34.000000  0.000000
 5.000000  147.000000  78.000000  21.516803  231.691879  33.700000  0.218000  65.000000  0.000000
 2.000000  90.000000  70.000000  17.000000  59.557962  27.300000  0.085000  22.000000  0.000000
 1.000000  136.000000  74.000000  50.000000  204.000000  37.400000  0.399000  24.000000  0.000000
 4.000000  114.000000  65.000000  19.561266  118.863597  21.900000  0.432000  37.000000  0.000000
 9.000000  156.000000  86.000000  28.000000  155.000000  34.300000  1.189000  42.000000  1.000000
 1.000000  153.000000  82.000000  42.000000  485.000000  40.600000  0.687000  23.000000  0.000000
 8.000000  188.000000  78.000000  33.198450  233.604706  47.900000  0.137000  43.000000  1.000000
 7.000000  152.000000  88.000000  44.000000  264.609362  50.000000  0.337000  36.000000  1.000000
 2.000000  99.000000  52.000000  15.000000  94.000000  24.600000  0.637000  21.000000  0.000000
 1.000000  109.000000  56.000000  21.000000  135.000000  25.200000  0.833000  23.000000  0.000000
 2.000000  88.000000  74.000000  19.000000  53.000000  29.000000  0.229000  22.000000  0.000000
 17.000000  163.000000  72.000000  41.000000  114.000000  40.900000  0.817000  47.000000  1.000000
 4.000000  151.000000  90.000000  38.000000  175.429015  29.700000  0.294000  36.000000  0.000000
 7.000000  102.000000  74.000000  40.000000  105.000000  37.200000  0.204000  45.000000  0.000000
 0.000000  114.000000  80.000000  34.000000  285.000000  44.200000  0.167000  27.000000  0.000000
 2.000000  100.000000  64.000000  23.000000  90.574006  29.700000  0.368000  21.000000  0.000000
 0.000000  131.000000  88.000000  28.273824  138.807977  31.600000  0.743000  32.000000  1.000000
 6.000000  104.000000  74.000000  18.000000  156.000000  29.900000  0.722000  41.000000  1.000000
 3.000000  148.000000  66.000000  25.000000  218.624527  32.500000  0.256000  22.000000  0.000000
 4.000000  120.000000  68.000000  29.834968  163.520945  29.600000  0.709000  34.000000  0.000000
 4.000000  110.000000  66.000000  30.448746  104.093549  31.900000  0.471000  29.000000  0.000000
 3.000000  111.000000  90.000000  12.000000  78.000000  28.400000  0.495000  29.000000  0.000000
 6.000000  102.000000  82.000000  30.916578  150.033591  30.800000  0.180000  36.000000  1.000000
 6.000000  134.000000  70.000000  23.000000  130.000000  35.400000  0.542000  29.000000  1.000000
 2.000000  87.000000  62.523745  23.000000  48.643967  28.900000  0.773000  25.000000  0.000000
 1.000000  79.000000  60.000000  42.000000  48.000000  43.500000  0.678000  23.000000  0.000000
 2.000000  75.000000  64.000000  24.000000  55.000000  29.700000  0.370000  33.000000  0.000000
 8.000000  179.000000  72.000000  42.000000  130.000000  32.700000  0.719000  36.000000  1.000000
 6.000000  85.000000  78.000000  26.371301  83.296729  31.200000  0.382000  42.000000  0.000000
 0.000000  129.000000  110.000000  46.000000  130.000000  67.100000  0.319000  26.000000  1.000000
 5.000000  143.000000  78.000000  43.245279  201.137602  45.000000  0.190000  47.000000  0.000000
 5.000000  130.000000  82.000000  33.084868  126.499781  39.100000  0.956000  37.000000  1.000000
 6.000000  87.000000  80.000000  22.983698  70.354871  23.200000  0.084000  32.000000  0.000000
 0.000000  119.000000  64.000000  18.000000  92.000000  34.900000  0.725000  23.000000  0.000000
 1.000000  83.999823  74.000000  20.000000  23.000000  27.700000  0.299000  21.000000  0.000000
 5.000000  73.000000  60.000000  23.448085  42.581431  26.800000  0.268000  27.000000  0.000000
 4.000000  141.000000  74.000000  29.192251  164.520320  27.600000  0.244000  40.000000  0.000000
 7.000000  194.000000  68.000000  28.000000  248.292744  35.900000  0.745000  41.000000  1.000000
 8.000000  181.000000  68.000000  36.000000  495.000000  30.100000  0.615000  60.000000  1.000000
 1.000000  128.000000  98.000000  41.000000  58.000000  32.000000  1.321000  33.000000  1.000000
 8.000000  109.000000  76.000000  39.000000  114.000000  27.900000  0.640000  31.000000  1.000000
 5.000000  139.000000  80.000000  35.000000  160.000000  31.600000  0.361000  25.000000  1.000000
 3.000000  111.000000  62.000000  14.849048  158.856847  22.600000  0.142000  21.000000  0.000000
 9.000000  123.000000  70.000000  44.000000  94.000000  33.100000  0.374000  40.000000  0.000000
 7.000000  159.000000  66.000000  29.496913  226.111750  30.400000  0.383000  36.000000  1.000000
 11.000000  135.000000  91.789600  37.261584  242.452676  52.300000  0.578000  40.000000  1.000000
 8.000000  85.000000  55.000000  20.000000  90.594616  24.400000  0.136000  42.000000  0.000000
 5.000000  158.000000  84.000000  41.000000  210.000000  39.400000  0.395000  29.000000  1.000000
 1.000000  105.000000  58.000000  21.213683  151.601983  24.300000  0.187000  21.000000  0.000000
 3.000000  107.000000  62.000000  13.000000  48.000000  22.900000  0.678000  23.000000  1.000000
 4.000000  109.000000  64.000000  44.000000  99.000000  34.800000  0.905000  26.000000  1.000000
 4.000000  148.000000  60.000000  27.000000  318.000000  30.900000  0.150000  29.000000  1.000000
 0.000000  113.000000  80.000000  16.000000  72.493828  31.000000  0.874000  21.000000  0.000000
 1.000000  138.000000  82.000000  37.664166  195.242673  40.100000  0.236000  28.000000  0.000000
 0.000000  108.000000  68.000000  20.000000  94.830098  27.300000  0.787000  32.000000  0.000000
 2.000000  99.000000  70.000000  16.000000  44.000000  20.400000  0.235000  27.000000  0.000000
 6.000000  103.000000  72.000000  32.000000  190.000000  37.700000  0.324000  55.000000  0.000000
 5.000000  111.000000  72.000000  28.000000  124.128733  23.900000  0.407000  27.000000  0.000000
 8.000000  196.000000  76.000000  29.000000  280.000000  37.500000  0.605000  57.000000  1.000000
 5.000000  162.000000  104.000000  36.460104  241.681803  37.700000  0.151000  52.000000  1.000000
 1.000000  96.000000  64.000000  27.000000  87.000000  33.200000  0.289000  21.000000  0.000000
 7.000000  184.000000  84.000000  33.000000  195.541889  35.500000  0.355000  41.000000  1.000000
 2.000000  81.000000  60.000000  22.000000  54.417894  27.700000  0.290000  25.000000  0.000000
 0.000000  147.000000  85.000000  54.000000  342.498013  42.800000  0.375000  24.000000  0.000000
 7.000000  179.000000  95.000000  31.000000  259.703984  34.200000  0.164000  60.000000  0.000000
 0.000000  140.000000  65.000000  26.000000  130.000000  42.600000  0.431000  24.000000  1.000000
 9.000000  112.000000  82.000000  32.000000  175.000000  34.200000  0.260000  36.000000  1.000000
 12.000000  151.000000  70.000000  40.000000  271.000000  41.800000  0.742000  38.000000  1.000000
 5.000000  109.000000  62.000000  41.000000  129.000000  35.800000  0.514000  25.000000  1.000000
 6.000000  125.000000  68.000000  30.000000  120.000000  30.000000  0.464000  32.000000  0.000000
 5.000000  85.000000  74.000000  22.000000  61.683600  29.000000  1.224000  32.000000  1.000000
 5.000000  112.000000  66.000000  41.192669  101.443407  37.800000  0.261000  41.000000  1.000000
 0.000000  177.000000  60.000000  29.000000  478.000000  34.600000  1.072000  21.000000  1.000000
 2.000000  158.000000  90.000000  29.029029  188.663632  31.600000  0.805000  66.000000  1.000000
 7.000000  119.000000  72.390315  22.712476  140.810150  25.200000  0.209000  37.000000  0.000000
 7.000000  142.000000  60.000000  33.000000  190.000000  28.800000  0.687000  61.000000  0.000000
 1.000000  100.000000  66.000000  15.000000  56.000000  23.600000  0.666000  26.000000  0.000000
 1.000000  87.000000  78.000000  27.000000  32.000000  34.600000  0.101000  22.000000  0.000000
 0.000000  101.000000  76.000000  35.110831  137.911701  35.700000  0.198000  26.000000  0.000000
 3.000000  162.000000  52.000000  38.000000  296.505497  37.200000  0.652000  24.000000  1.000000
 4.000000  197.000000  70.000000  39.000000  744.000000  36.700000  2.329000  31.000000  0.000000
 0.000000  117.000000  80.000000  31.000000  53.000000  45.200000  0.089000  24.000000  0.000000
 4.000000  142.000000  86.000000  30.746607  308.978717  44.000000  0.645000  22.000000  1.000000
 6.000000  134.000000  80.000000  37.000000  370.000000  46.200000  0.238000  46.000000  1.000000
 1.000000  79.000000  80.000000  25.000000  37.000000  25.400000  0.583000  22.000000  0.000000
 4.000000  122.000000  68.000000  29.185744  197.130246  35.000000  0.394000  29.000000  0.000000
 3.000000  74.000000  68.000000  28.000000  45.000000  29.700000  0.293000  23.000000  0.000000
 4.000000  171.000000  72.000000  44.088241  432.547249  43.600000  0.479000  26.000000  1.000000
 7.000000  181.000000  84.000000  21.000000  192.000000  35.900000  0.586000  51.000000  1.000000
 0.000000  179.000000  90.000000  27.000000  320.572751  44.100000  0.686000  23.000000  1.000000
 9.000000  164.000000  84.000000  21.000000  125.962062  30.800000  0.831000  32.000000  1.000000
 0.000000  104.000000  76.000000  13.904680  58.641827  18.400000  0.582000  27.000000  0.000000
 1.000000  91.000000  64.000000  24.000000  74.733371  29.200000  0.192000  21.000000  0.000000
 4.000000  91.000000  70.000000  32.000000  88.000000  33.100000  0.446000  22.000000  0.000000
 3.000000  139.000000  54.000000  24.667023  170.257460  25.600000  0.402000  22.000000  1.000000
 6.000000  119.000000  50.000000  22.000000  176.000000  27.100000  1.318000  33.000000  1.000000
 2.000000  146.000000  76.000000  35.000000  194.000000  38.200000  0.329000  29.000000  0.000000
 9.000000  184.000000  85.000000  15.000000  176.255817  30.000000  1.213000  49.000000  1.000000
 10.000000  122.000000  68.000000  32.610656  120.749672  31.200000  0.258000  41.000000  0.000000
 0.000000  165.000000  90.000000  33.000000  680.000000  52.300000  0.427000  23.000000  0.000000
 9.000000  124.000000  70.000000  33.000000  402.000000  35.400000  0.282000  34.000000  0.000000
 1.000000  111.000000  86.000000  19.000000  79.388181  30.100000  0.143000  23.000000  0.000000
 9.000000  106.000000  52.000000  29.695247  147.303823  31.200000  0.380000  42.000000  0.000000
 2.000000  129.000000  84.000000  23.609253  173.063456  28.000000  0.284000  27.000000  0.000000
 2.000000  90.000000  80.000000  14.000000  55.000000  24.400000  0.249000  24.000000  0.000000
 0.000000  86.000000  68.000000  32.000000  96.433046  35.800000  0.238000  25.000000  0.000000
 12.000000  92.000000  62.000000  7.000000  258.000000  27.600000  0.926000  44.000000  1.000000
 1.000000  113.000000  64.000000  35.000000  151.883081  33.600000  0.543000  21.000000  1.000000
 3.000000  111.000000  56.000000  39.000000  107.028622  30.100000  0.557000  30.000000  0.000000
 2.000000  114.000000  68.000000  22.000000  85.974831  28.700000  0.092000  25.000000  0.000000
 1.000000  193.000000  50.000000  16.000000  375.000000  25.900000  0.655000  24.000000  0.000000
 11.000000  155.000000  76.000000  28.000000  150.000000  33.300000  1.353000  51.000000  1.000000
 3.000000  191.000000  68.000000  15.000000  130.000000  30.900000  0.299000  34.000000  0.000000
 3.000000  141.000000  71.773267  33.241155  164.687180  30.000000  0.761000  27.000000  1.000000
 4.000000  95.000000  70.000000  32.000000  82.853660  32.100000  0.612000  24.000000  0.000000
 3.000000  142.000000  80.000000  15.000000  174.857598  32.400000  0.200000  63.000000  0.000000
 4.000000  123.000000  62.000000  27.333298  154.596604  32.000000  0.226000  35.000000  1.000000
 5.000000  96.000000  74.000000  18.000000  67.000000  33.600000  0.997000  43.000000  0.000000
 0.000000  138.000000  72.994222  43.516924  178.188661  36.300000  0.933000  25.000000  1.000000
 2.000000  128.000000  64.000000  42.000000  234.693074  40.000000  1.101000  24.000000  0.000000
 0.000000  102.000000  52.000000  16.825671  108.594516  25.100000  0.078000  21.000000  0.000000
 2.000000  146.000000  71.884351  34.208187  281.130888  27.500000  0.240000  28.000000  1.000000
 10.000000  101.000000  86.000000  37.000000  122.985635  45.600000  1.136000  38.000000  1.000000
 2.000000  108.000000  62.000000  32.000000  56.000000  25.200000  0.128000  21.000000  0.000000
 3.000000  122.000000  78.000000  29.776114  85.287405  23.000000  0.254000  40.000000  0.000000
 1.000000  71.000000  78.000000  50.000000  45.000000  33.200000  0.422000  21.000000  0.000000
 13.000000  106.000000  70.000000  41.144553  181.143588  34.200000  0.251000  52.000000  0.000000
 2.000000  100.000000  70.000000  52.000000  57.000000  40.500000  0.677000  25.000000  0.000000
 7.000000  106.000000  60.000000  24.000000  124.998748  26.500000  0.296000  29.000000  1.000000
 0.000000  104.000000  64.000000  23.000000  116.000000  27.800000  0.454000  23.000000  0.000000
 5.000000  114.000000  74.000000  20.865412  261.230813  24.900000  0.744000  57.000000  0.000000
 2.000000  108.000000  62.000000  10.000000  278.000000  25.300000  0.881000  22.000000  0.000000
 0.000000  146.000000  70.000000  29.715345  233.008726  37.900000  0.334000  28.000000  1.000000
 10.000000  129.000000  76.000000  28.000000  122.000000  35.900000  0.280000  39.000000  0.000000
 7.000000  133.000000  88.000000  15.000000  155.000000  32.400000  0.262000  37.000000  0.000000
 7.000000  161.000000  86.000000  34.519789  95.982396  30.400000  0.165000  47.000000  1.000000
 2.000000  108.000000  80.000000  27.529325  161.617160  27.000000  0.259000  52.000000  1.000000
 7.000000  136.000000  74.000000  26.000000  135.000000  26.000000  0.647000  51.000000  0.000000
 5.000000  155.000000  84.000000  44.000000  545.000000  38.700000  0.619000  34.000000  0.000000
 1.000000  119.000000  86.000000  39.000000  220.000000  45.600000  0.808000  29.000000  1.000000
 4.000000  96.000000  56.000000  17.000000  49.000000  20.800000  0.340000  26.000000  0.000000
 5.000000  108.000000  72.000000  43.000000  75.000000  36.100000  0.263000  33.000000  0.000000
 0.000000  78.000000  88.000000  29.000000  40.000000  36.900000  0.434000  21.000000  0.000000
 0.000000  107.000000  62.000000  30.000000  74.000000  36.600000  0.757000  25.000000  1.000000
 2.000000  128.000000  78.000000  37.000000  182.000000  43.300000  1.224000  31.000000  1.000000
 1.000000  128.000000  48.000000  45.000000  194.000000  40.500000  0.613000  24.000000  1.000000
 0.000000  161.000000  50.000000  25.879583  230.004614  21.900000  0.254000  65.000000  0.000000
 6.000000  151.000000  62.000000  31.000000  120.000000  35.500000  0.692000  28.000000  0.000000
 2.000000  146.000000  70.000000  38.000000  360.000000  28.000000  0.337000  29.000000  1.000000
 0.000000  126.000000  84.000000  29.000000  215.000000  30.700000  0.520000  24.000000  0.000000
 14.000000  100.000000  78.000000  25.000000  184.000000  36.600000  0.412000  46.000000  1.000000
 8.000000  112.000000  72.000000  21.378012  238.302968  23.600000  0.840000  58.000000  0.000000
 0.000000  167.000000  73.516803  25.231129  158.464197  32.300000  0.839000  30.000000  1.000000
 2.000000  144.000000  58.000000  33.000000  135.000000  31.600000  0.422000  25.000000  1.000000
 5.000000  77.000000  82.000000  41.000000  42.000000  35.800000  0.156000  35.000000  0.000000
 5.000000  115.000000  98.000000  42.364162  217.245895  52.900000  0.209000  28.000000  1.000000
 3.000000  150.000000  76.000000  29.325334  179.506687  21.000000  0.207000  37.000000  0.000000
 2.000000  120.000000  76.000000  37.000000  105.000000  39.700000  0.215000  29.000000  0.000000
 10.000000  161.000000  68.000000  23.000000  132.000000  25.500000  0.326000  47.000000  1.000000
 0.000000  137.000000  68.000000  14.000000  148.000000  24.800000  0.143000  21.000000  0.000000
 0.000000  128.000000  68.000000  19.000000  180.000000  30.500000  1.391000  25.000000  1.000000
 2.000000  124.000000  68.000000  28.000000  205.000000  32.900000  0.875000  30.000000  1.000000
 6.000000  80.000000  66.000000  30.000000  65.394436  26.200000  0.313000  41.000000  0.000000
 0.000000  106.000000  70.000000  37.000000  148.000000  39.400000  0.605000  22.000000  0.000000
 2.000000  155.000000  74.000000  17.000000  96.000000  26.600000  0.433000  27.000000  1.000000
 3.000000  113.000000  50.000000  10.000000  85.000000  29.500000  0.626000  25.000000  0.000000
 7.000000  109.000000  80.000000  31.000000  142.433592  35.900000  1.127000  43.000000  1.000000
 2.000000  112.000000  68.000000  22.000000  94.000000  34.100000  0.315000  26.000000  0.000000
 3.000000  99.000000  80.000000  11.000000  64.000000  19.300000  0.284000  30.000000  0.000000
 3.000000  182.000000  74.000000  35.565092  161.451703  30.500000  0.345000  29.000000  1.000000
 3.000000  115.000000  66.000000  39.000000  140.000000  38.100000  0.150000  28.000000  0.000000
 6.000000  194.000000  78.000000  42.990391  355.459056  23.500000  0.129000  59.000000  1.000000
 4.000000  129.000000  60.000000  12.000000  231.000000  27.500000  0.527000  31.000000  0.000000
 3.000000  112.000000  74.000000  30.000000  136.866112  31.600000  0.197000  25.000000  1.000000
 0.000000  124.000000  70.000000  20.000000  110.705101  27.400000  0.254000  36.000000  1.000000
 13.000000  152.000000  90.000000  33.000000  29.000000  26.800000  0.731000  43.000000  1.000000
 2.000000  112.000000  75.000000  32.000000  138.773022  35.700000  0.148000  21.000000  0.000000
 1.000000  157.000000  72.000000  21.000000  168.000000  25.600000  0.123000  24.000000  0.000000
 1.000000  122.000000  64.000000  32.000000  156.000000  35.100000  0.692000  30.000000  1.000000
 10.000000  179.000000  70.000000  36.201708  160.264973  35.100000  0.200000  37.000000  0.000000
 2.000000  102.000000  86.000000  36.000000  120.000000  45.500000  0.127000  23.000000  1.000000
 6.000000  105.000000  70.000000  32.000000  68.000000  30.800000  0.122000  37.000000  0.000000
 8.000000  118.000000  72.000000  19.000000  123.529068  23.100000  1.476000  46.000000  0.000000
 2.000000  87.000000  58.000000  16.000000  52.000000  32.700000  0.166000  25.000000  0.000000
 1.000000  180.000000  81.399158  35.437705  198.795253  43.300000  0.282000  41.000000  1.000000
 12.000000  106.000000  80.000000  27.253139  127.368144  23.600000  0.137000  44.000000  0.000000
 1.000000  95.000000  60.000000  18.000000  58.000000  23.900000  0.260000  22.000000  0.000000
 0.000000  165.000000  76.000000  43.000000  255.000000  47.900000  0.259000  26.000000  0.000000
 0.000000  117.000000  73.049001  33.935203  135.872539  33.800000  0.932000  44.000000  0.000000
 5.000000  115.000000  76.000000  28.630539  151.157924  31.200000  0.343000  44.000000  1.000000
 9.000000  152.000000  78.000000  34.000000  171.000000  34.200000  0.893000  33.000000  1.000000
 7.000000  178.000000  84.000000  31.210967  190.235981  39.900000  0.331000  41.000000  1.000000
 1.000000  130.000000  70.000000  13.000000  105.000000  25.900000  0.472000  22.000000  0.000000
 1.000000  95.000000  74.000000  21.000000  73.000000  25.900000  0.673000  36.000000  0.000000
 1.000000  79.869336  68.000000  35.000000  113.943123  32.000000  0.389000  22.000000  0.000000
 5.000000  122.000000  86.000000  29.487744  162.442010  34.700000  0.290000  33.000000  0.000000
 8.000000  95.000000  72.000000  33.152446  152.982099  36.800000  0.485000  57.000000  0.000000
 8.000000  126.000000  88.000000  36.000000  108.000000  38.500000  0.349000  49.000000  0.000000
 1.000000  139.000000  46.000000  19.000000  83.000000  28.700000  0.654000  22.000000  0.000000
 3.000000  116.000000  59.641255  17.334333  88.557126  23.500000  0.187000  23.000000  0.000000
 3.000000  99.000000  62.000000  19.000000  74.000000  21.800000  0.279000  26.000000  0.000000
 5.000000  134.005867  80.000000  32.000000  175.746991  41.000000  0.346000  37.000000  1.000000
 4.000000  92.000000  80.000000  36.576493  79.899890  42.200000  0.237000  29.000000  0.000000
 4.000000  137.000000  84.000000  31.842459  152.686283  31.200000  0.252000  30.000000  0.000000
 3.000000  61.000000  82.000000  28.000000  52.663886  34.400000  0.243000  46.000000  0.000000
 1.000000  90.000000  62.000000  12.000000  43.000000  27.200000  0.580000  24.000000  0.000000
 3.000000  90.000000  78.000000  30.915680  82.121227  42.700000  0.559000  21.000000  0.000000
 9.000000  165.000000  88.000000  34.631373  150.041981  30.400000  0.302000  49.000000  1.000000
 1.000000  125.000000  50.000000  40.000000  167.000000  33.300000  0.962000  28.000000  1.000000
 13.000000  129.000000  79.969316  30.000000  148.371426  39.900000  0.569000  44.000000  1.000000
 12.000000  88.000000  74.000000  40.000000  54.000000  35.300000  0.378000  48.000000  0.000000
 1.000000  196.000000  76.000000  36.000000  249.000000  36.500000  0.875000  29.000000  1.000000
 5.000000  189.000000  64.000000  33.000000  325.000000  31.200000  0.583000  29.000000  1.000000
 5.000000  158.000000  70.000000  25.102319  150.701373  29.800000  0.207000  63.000000  0.000000
 5.000000  103.000000  108.000000  37.000000  113.048296  39.200000  0.305000  65.000000  0.000000
 4.000000  146.000000  78.000000  23.237788  245.957558  38.500000  0.520000  67.000000  1.000000
 4.000000  147.000000  74.000000  25.000000  293.000000  34.900000  0.385000  30.000000  0.000000
 5.000000  99.000000  54.000000  28.000000  83.000000  34.000000  0.499000  30.000000  0.000000
 6.000000  124.000000  72.000000  30.218281  115.518061  27.600000  0.368000  29.000000  1.000000
 0.000000  101.000000  64.000000  17.000000  115.700499  21.000000  0.252000  21.000000  0.000000
 3.000000  81.000000  86.000000  16.000000  66.000000  27.500000  0.306000  22.000000  0.000000
 1.000000  133.000000  102.000000  28.000000  140.000000  32.800000  0.234000  45.000000  1.000000
 3.000000  173.000000  82.000000  48.000000  465.000000  38.400000  2.137000  25.000000  1.000000
 0.000000  118.000000  64.000000  23.000000  89.000000  31.214708  1.731000  21.000000  0.000000
 0.000000  84.000000  64.000000  22.000000  66.000000  35.800000  0.545000  21.000000  0.000000
 2.000000  105.000000  58.000000  40.000000  94.000000  34.900000  0.225000  25.000000  0.000000
 2.000000  122.000000  52.000000  43.000000  158.000000  36.200000  0.816000  28.000000  0.000000
 12.000000  140.000000  82.000000  43.000000  325.000000  39.200000  0.528000  58.000000  1.000000
 0.000000  98.000000  82.000000  15.000000  84.000000  25.200000  0.299000  22.000000  0.000000
 1.000000  87.000000  60.000000  37.000000  75.000000  37.200000  0.509000  22.000000  0.000000
 4.000000  156.000000  75.000000  39.360666  216.943519  48.300000  0.238000  32.000000  1.000000
 0.000000  93.000000  100.000000  39.000000  72.000000  43.400000  1.021000  35.000000  0.000000
 1.000000  107.000000  72.000000  30.000000  82.000000  30.800000  0.821000  24.000000  0.000000
 0.000000  105.000000  68.000000  22.000000  76.802986  20.000000  0.236000  22.000000  0.000000
 1.000000  109.000000  60.000000  8.000000  182.000000  25.400000  0.947000  21.000000  0.000000
 1.000000  90.000000  62.000000  18.000000  59.000000  25.100000  1.268000  25.000000  0.000000
 1.000000  125.000000  70.000000  24.000000  110.000000  24.300000  0.221000  25.000000  0.000000
 1.000000  119.000000  54.000000  13.000000  50.000000  22.300000  0.205000  24.000000  0.000000
 5.000000  116.000000  74.000000  29.000000  162.063493  32.300000  0.660000  35.000000  1.000000
 8.000000  105.000000  100.000000  36.000000  110.827734  43.300000  0.239000  45.000000  1.000000
 5.000000  144.000000  82.000000  26.000000  285.000000  32.000000  0.452000  58.000000  1.000000
 3.000000  100.000000  68.000000  23.000000  81.000000  31.600000  0.949000  28.000000  0.000000
 1.000000  100.000000  66.000000  29.000000  196.000000  32.000000  0.444000  42.000000  0.000000
 5.000000  166.000000  76.000000  42.741137  275.231700  45.700000  0.340000  27.000000  1.000000
 1.000000  131.000000  64.000000  14.000000  415.000000  23.700000  0.389000  21.000000  0.000000
 4.000000  116.000000  72.000000  12.000000  87.000000  22.100000  0.463000  37.000000  0.000000
 4.000000  158.000000  78.000000  32.313577  238.759602  32.900000  0.803000  31.000000  1.000000
 2.000000  127.000000  58.000000  24.000000  275.000000  27.700000  1.600000  25.000000  0.000000
 3.000000  96.000000  56.000000  34.000000  115.000000  24.700000  0.944000  39.000000  0.000000
 0.000000  131.000000  66.000000  40.000000  232.759081  34.300000  0.196000  22.000000  1.000000
 3.000000  82.000000  70.000000  17.940351  56.477885  21.100000  0.389000  25.000000  0.000000
 3.000000  193.000000  70.000000  31.000000  356.757334  34.900000  0.241000  25.000000  1.000000
 4.000000  95.000000  64.000000  27.383625  77.550330  32.000000  0.161000  31.000000  1.000000
 6.000000  137.000000  61.000000  29.326653  159.449034  24.200000  0.151000  55.000000  0.000000
 5.000000  136.000000  84.000000  41.000000  88.000000  35.000000  0.286000  35.000000  1.000000
 9.000000  72.000000  78.000000  25.000000  60.530773  31.600000  0.280000  38.000000  0.000000
 5.000000  168.000000  64.000000  31.532835  179.213996  32.900000  0.135000  41.000000  1.000000
 2.000000  123.000000  48.000000  32.000000  165.000000  42.100000  0.520000  26.000000  0.000000
 4.000000  115.000000  72.000000  23.154332  176.884704  28.900000  0.376000  46.000000  1.000000
 0.000000  101.000000  62.000000  20.890288  93.040475  21.900000  0.336000  25.000000  0.000000
 8.000000  197.000000  74.000000  30.053608  347.054713  25.900000  1.191000  39.000000  1.000000
 1.000000  172.000000  68.000000  49.000000  579.000000  42.400000  0.702000  28.000000  1.000000
 6.000000  102.000000  90.000000  39.000000  133.652206  35.700000  0.674000  28.000000  0.000000
 1.000000  112.000000  72.000000  30.000000  176.000000  34.400000  0.528000  25.000000  0.000000
 1.000000  143.000000  84.000000  23.000000  310.000000  42.400000  1.076000  22.000000  0.000000
 1.000000  143.000000  74.000000  22.000000  61.000000  26.200000  0.256000  21.000000  0.000000
 0.000000  138.000000  60.000000  35.000000  167.000000  34.600000  0.534000  21.000000  1.000000
 3.000000  173.000000  84.000000  33.000000  474.000000  35.700000  0.258000  22.000000  1.000000
 1.000000  97.000000  68.000000  21.000000  72.490145  27.200000  1.095000  22.000000  0.000000
 4.000000  144.000000  82.000000  32.000000  190.538459  38.500000  0.554000  37.000000  1.000000
 1.000000  83.000000  68.000000  19.426224  59.777762  18.200000  0.624000  27.000000  0.000000
 3.000000  129.000000  64.000000  29.000000  115.000000  26.400000  0.219000  28.000000  1.000000
 1.000000  119.000000  88.000000  41.000000  170.000000  45.300000  0.507000  26.000000  0.000000
 2.000000  94.000000  68.000000  18.000000  76.000000  26.000000  0.561000  21.000000  0.000000
 0.000000  102.000000  64.000000  46.000000  78.000000  40.600000  0.496000  21.000000  0.000000
 2.000000  115.000000  64.000000  22.000000  96.644996  30.800000  0.421000  21.000000  0.000000
 8.000000  151.000000  78.000000  32.000000  210.000000  42.900000  0.516000  36.000000  1.000000
 4.000000  184.000000  78.000000  39.000000  277.000000  37.000000  0.264000  31.000000  1.000000
 0.000000  94.000000  69.569915  25.493311  51.469754  30.834904  0.256000  25.000000  0.000000
 1.000000  181.000000  64.000000  30.000000  180.000000  34.100000  0.328000  38.000000  1.000000
 0.000000  135.000000  94.000000  46.000000  145.000000  40.600000  0.284000  26.000000  0.000000
 1.000000  95.000000  82.000000  25.000000  180.000000  35.000000  0.233000  43.000000  1.000000
 2.000000  99.000000  64.730757  20.791861  115.212380  22.200000  0.108000  23.000000  0.000000
 3.000000  89.000000  74.000000  16.000000  85.000000  30.400000  0.551000  38.000000  0.000000
 1.000000  80.000000  74.000000  11.000000  60.000000  30.000000  0.527000  22.000000  0.000000
 2.000000  139.000000  75.000000  28.015125  162.744766  25.600000  0.167000  29.000000  0.000000
 1.000000  90.000000  68.000000  8.000000  116.165702  24.500000  1.138000  36.000000  0.000000
 0.000000  141.000000  74.022479  36.633408  178.275190  42.400000  0.205000  29.000000  1.000000
 12.000000  140.000000  85.000000  33.000000  223.140333  37.400000  0.244000  41.000000  0.000000
 5.000000  147.000000  75.000000  28.597551  240.079218  29.900000  0.434000  28.000000  0.000000
 1.000000  97.000000  70.000000  15.000000  70.637350  18.200000  0.147000  21.000000  0.000000
 6.000000  107.000000  88.000000  38.378415  147.219198  36.800000  0.727000  31.000000  0.000000
 0.000000  189.000000  104.000000  25.000000  173.845625  34.300000  0.435000  41.000000  1.000000
 2.000000  83.000000  66.000000  23.000000  50.000000  32.200000  0.497000  22.000000  0.000000
 4.000000  117.000000  64.000000  27.000000  120.000000  33.200000  0.230000  24.000000  0.000000
 8.000000  108.000000  70.000000  30.534336  94.043977  30.500000  0.955000  33.000000  1.000000
 4.000000  117.000000  62.000000  12.000000  125.876195  29.700000  0.380000  30.000000  1.000000
 0.000000  180.000000  78.000000  63.000000  14.000000  59.400000  2.420000  25.000000  1.000000
 1.000000  100.000000  72.000000  12.000000  70.000000  25.300000  0.658000  28.000000  0.000000
 0.000000  95.000000  80.000000  45.000000  92.000000  36.500000  0.330000  26.000000  0.000000
 0.000000  104.000000  64.000000  37.000000  64.000000  33.600000  0.510000  22.000000  1.000000
 0.000000  120.000000  74.000000  18.000000  63.000000  30.500000  0.285000  26.000000  0.000000
 1.000000  82.000000  64.000000  13.000000  95.000000  21.200000  0.415000  23.000000  0.000000
 2.000000  134.000000  70.000000  25.151306  111.202602  28.900000  0.542000  23.000000  1.000000
 0.000000  91.000000  68.000000  32.000000  210.000000  39.900000  0.381000  25.000000  0.000000
 2.000000  119.000000  82.060734  20.362017  249.646037  19.600000  0.832000  72.000000  0.000000
 2.000000  100.000000  54.000000  28.000000  105.000000  37.800000  0.498000  24.000000  0.000000
 14.000000  175.000000  62.000000  30.000000  174.932818  33.600000  0.212000  38.000000  1.000000
 1.000000  135.000000  54.000000  30.047231  206.970413  26.700000  0.687000  62.000000  0.000000
 5.000000  86.000000  68.000000  28.000000  71.000000  30.200000  0.364000  24.000000  0.000000
 10.000000  148.000000  84.000000  48.000000  237.000000  37.600000  1.001000  51.000000  1.000000
 9.000000  134.000000  74.000000  33.000000  60.000000  25.900000  0.460000  81.000000  0.000000
 9.000000  120.000000  72.000000  22.000000  56.000000  20.800000  0.733000  48.000000  0.000000
 1.000000  71.000000  62.000000  19.595774  36.154331  21.800000  0.416000  26.000000  0.000000
 8.000000  74.000000  70.000000  40.000000  49.000000  35.300000  0.705000  39.000000  0.000000
 5.000000  88.000000  78.000000  30.000000  85.568693  27.600000  0.258000  37.000000  0.000000
 10.000000  115.000000  98.000000  23.284757  95.808698  24.000000  1.022000  34.000000  0.000000
 0.000000  124.000000  56.000000  13.000000  105.000000  21.800000  0.452000  21.000000  0.000000
 0.000000  74.000000  52.000000  10.000000  36.000000  27.800000  0.269000  22.000000  0.000000
 0.000000  97.000000  64.000000  36.000000  100.000000  36.800000  0.600000  25.000000  0.000000
 8.000000  120.000000  70.881895  27.289523  137.914405  30.000000  0.183000  38.000000  1.000000
 6.000000  154.000000  78.000000  41.000000  140.000000  46.100000  0.571000  27.000000  0.000000
 1.000000  144.000000  82.000000  40.000000  257.216421  41.300000  0.607000  28.000000  0.000000
 0.000000  137.000000  70.000000  38.000000  227.285164  33.200000  0.170000  22.000000  0.000000
 0.000000  119.000000  66.000000  27.000000  109.348199  38.800000  0.259000  22.000000  0.000000
 7.000000  136.000000  90.000000  30.483156  226.360622  29.900000  0.210000  50.000000  0.000000
 4.000000  114.000000  64.000000  24.374477  135.445320  28.900000  0.126000  24.000000  0.000000
 0.000000  137.000000  84.000000  27.000000  192.599208  27.300000  0.231000  59.000000  0.000000
 2.000000  105.000000  80.000000  45.000000  191.000000  33.700000  0.711000  29.000000  1.000000
 7.000000  114.000000  76.000000  17.000000  110.000000  23.800000  0.466000  31.000000  0.000000
 8.000000  126.000000  74.000000  38.000000  75.000000  25.900000  0.162000  39.000000  0.000000
 4.000000  132.000000  86.000000  31.000000  260.699303  28.000000  0.419000  63.000000  0.000000
 3.000000  158.000000  70.000000  30.000000  328.000000  35.500000  0.344000  35.000000  1.000000
 0.000000  123.000000  88.000000  37.000000  168.641926  35.200000  0.197000  29.000000  0.000000
 4.000000  85.000000  58.000000  22.000000  49.000000  27.800000  0.306000  28.000000  0.000000
 0.000000  84.000000  82.000000  31.000000  125.000000  38.200000  0.233000  23.000000  0.000000
 0.000000  145.000000  81.479313  40.184942  195.670655  44.200000  0.630000  31.000000  1.000000
 0.000000  135.000000  68.000000  42.000000  250.000000  42.300000  0.365000  24.000000  1.000000
 1.000000  139.000000  62.000000  41.000000  480.000000  40.700000  0.536000  21.000000  0.000000
 0.000000  173.000000  78.000000  32.000000  265.000000  46.500000  1.159000  58.000000  0.000000
 4.000000  99.000000  72.000000  17.000000  55.284553  25.600000  0.294000  28.000000  0.000000
 8.000000  194.000000  80.000000  51.618464  403.746486  26.100000  0.551000  67.000000  0.000000
 2.000000  83.000000  65.000000  28.000000  66.000000  36.800000  0.629000  24.000000  0.000000
 2.000000  89.000000  90.000000  30.000000  131.114511  33.500000  0.292000  42.000000  0.000000
 4.000000  99.000000  68.000000  38.000000  100.801963  32.800000  0.145000  33.000000  0.000000
 4.000000  125.000000  70.000000  18.000000  122.000000  28.900000  1.144000  45.000000  1.000000
 3.000000  80.000000  48.900641  20.249060  56.040238  24.941225  0.174000  22.000000  0.000000
 6.000000  166.000000  74.000000  29.463503  217.138475  26.600000  0.304000  66.000000  0.000000
 5.000000  110.000000  68.000000  21.645567  114.148885  26.000000  0.292000  30.000000  0.000000
 2.000000  81.000000  72.000000  15.000000  76.000000  30.100000  0.547000  25.000000  0.000000
 7.000000  195.000000  70.000000  33.000000  145.000000  25.100000  0.163000  55.000000  1.000000
 6.000000  154.000000  74.000000  32.000000  193.000000  29.300000  0.839000  39.000000  0.000000
 2.000000  117.000000  90.000000  19.000000  71.000000  25.200000  0.313000  21.000000  0.000000
 3.000000  84.000000  72.000000  32.000000  103.533726  37.200000  0.267000  28.000000  0.000000
 6.000000  132.327605  68.000000  41.000000  262.777178  39.000000  0.727000  41.000000  1.000000
 7.000000  94.000000  64.000000  25.000000  79.000000  33.300000  0.738000  41.000000  0.000000
 3.000000  96.000000  78.000000  39.000000  140.252561  37.300000  0.238000  40.000000  0.000000
 10.000000  75.000000  82.000000  32.338785  48.924397  33.300000  0.263000  38.000000  0.000000
 0.000000  180.000000  90.000000  26.000000  90.000000  36.500000  0.314000  35.000000  1.000000
 1.000000  130.000000  60.000000  23.000000  170.000000  28.600000  0.692000  21.000000  0.000000
 2.000000  84.000000  50.000000  23.000000  76.000000  30.400000  0.968000  21.000000  0.000000
 8.000000  120.000000  78.000000  18.234734  324.132734  25.000000  0.409000  64.000000  0.000000
 12.000000  84.000000  72.000000  31.000000  76.451184  29.700000  0.297000  46.000000  1.000000
 0.000000  139.000000  62.000000  17.000000  210.000000  22.100000  0.207000  21.000000  0.000000
 9.000000  91.000000  68.000000  21.679504  161.350521  24.200000  0.200000  58.000000  0.000000
 2.000000  91.000000  62.000000  19.023284  60.774984  27.300000  0.525000  22.000000  0.000000
 3.000000  99.000000  54.000000  19.000000  86.000000  25.600000  0.154000  24.000000  0.000000
 3.000000  163.000000  70.000000  18.000000  105.000000  31.600000  0.268000  28.000000  1.000000
 9.000000  145.000000  88.000000  34.000000  165.000000  30.300000  0.771000  53.000000  1.000000
 7.000000  125.000000  86.000000  35.819690  136.286553  37.600000  0.304000  51.000000  0.000000
 13.000000  76.000000  60.000000  31.156164  68.078249  32.800000  0.180000  41.000000  0.000000
 6.000000  129.000000  90.000000  7.000000  326.000000  19.600000  0.582000  60.000000  0.000000
 2.000000  68.000000  70.000000  32.000000  66.000000  25.000000  0.187000  25.000000  0.000000
 3.000000  124.000000  80.000000  33.000000  130.000000  33.200000  0.305000  26.000000  0.000000
 6.000000  114.000000  68.943737  24.803247  195.313632  34.557401  0.189000  26.000000  0.000000
 9.000000  130.000000  70.000000  33.606994  116.038238  34.200000  0.652000  45.000000  1.000000
 3.000000  125.000000  58.000000  24.831132  166.439723  31.600000  0.151000  24.000000  0.000000
 3.000000  87.000000  60.000000  18.000000  61.932541  21.800000  0.444000  21.000000  0.000000
 1.000000  97.000000  64.000000  19.000000  82.000000  18.200000  0.299000  21.000000  0.000000
 3.000000  116.000000  74.000000  15.000000  105.000000  26.300000  0.107000  24.000000  0.000000
 0.000000  117.000000  66.000000  31.000000  188.000000  30.800000  0.493000  22.000000  0.000000
 0.000000  111.000000  65.000000  22.910693  160.422094  24.600000  0.660000  31.000000  0.000000
 2.000000  122.000000  60.000000  18.000000  106.000000  29.800000  0.717000  22.000000  0.000000
 0.000000  107.000000  76.000000  33.880901  189.473980  45.300000  0.686000  24.000000  0.000000
 1.000000  86.000000  66.000000  52.000000  65.000000  41.300000  0.917000  29.000000  0.000000
 6.000000  91.000000  70.916552  25.084571  63.084853  29.800000  0.501000  31.000000  0.000000
 1.000000  77.000000  56.000000  30.000000  56.000000  33.300000  1.251000  24.000000  0.000000
 4.000000  132.000000  71.437292  33.772242  208.663678  32.900000  0.302000  23.000000  1.000000
 0.000000  105.000000  90.000000  26.533322  140.047979  29.600000  0.197000  46.000000  0.000000
 0.000000  57.000000  60.000000  31.152628  103.031769  21.700000  0.735000  67.000000  0.000000
 0.000000  127.000000  80.000000  37.000000  210.000000  36.300000  0.804000  23.000000  0.000000
 3.000000  129.000000  92.000000  49.000000  155.000000  36.400000  0.968000  32.000000  1.000000
 8.000000  100.000000  74.000000  40.000000  215.000000  39.400000  0.661000  43.000000  1.000000
 3.000000  128.000000  72.000000  25.000000  190.000000  32.400000  0.549000  27.000000  1.000000
 10.000000  90.000000  85.000000  32.000000  137.544435  34.900000  0.825000  56.000000  1.000000
 4.000000  84.000000  90.000000  23.000000  56.000000  39.500000  0.159000  25.000000  0.000000
 1.000000  88.000000  78.000000  29.000000  76.000000  32.000000  0.365000  29.000000  0.000000
 8.000000  186.000000  90.000000  35.000000  225.000000  34.500000  0.423000  37.000000  1.000000
 5.000000  187.000000  76.000000  27.000000  207.000000  43.600000  1.034000  53.000000  1.000000
 4.000000  131.000000  68.000000  21.000000  166.000000  33.100000  0.160000  28.000000  0.000000
 1.000000  164.000000  82.000000  43.000000  67.000000  32.800000  0.341000  50.000000  0.000000
 4.000000  189.000000  110.000000  31.000000  185.713194  28.500000  0.680000  37.000000  0.000000
 1.000000  116.000000  70.000000  28.000000  133.769885  27.400000  0.204000  21.000000  0.000000
 3.000000  84.000000  68.000000  30.000000  106.000000  31.900000  0.591000  25.000000  0.000000
 6.000000  114.000000  88.000000  20.489712  288.314123  27.800000  0.247000  66.000000  0.000000
 1.000000  88.000000  62.000000  24.000000  44.000000  29.900000  0.422000  23.000000  0.000000
 1.000000  84.000000  64.000000  23.000000  115.000000  36.900000  0.471000  28.000000  0.000000
 7.000000  124.000000  70.000000  33.000000  215.000000  25.500000  0.161000  37.000000  0.000000
 1.000000  97.000000  70.000000  40.000000  111.779986  38.100000  0.218000  30.000000  0.000000
 8.000000  110.000000  76.000000  31.916765  233.566071  27.800000  0.237000  58.000000  0.000000
 11.000000  103.000000  68.000000  40.000000  148.279119  46.200000  0.126000  42.000000  0.000000
 11.000000  85.000000  74.000000  23.273045  76.881717  30.100000  0.300000  35.000000  0.000000
 6.000000  125.000000  76.000000  24.919832  398.579414  33.800000  0.121000  54.000000  1.000000
 0.000000  198.000000  66.000000  32.000000  274.000000  41.300000  0.502000  28.000000  1.000000
 1.000000  87.000000  68.000000  34.000000  77.000000  37.600000  0.401000  24.000000  0.000000
 6.000000  99.000000  60.000000  19.000000  54.000000  26.900000  0.497000  32.000000  0.000000
 0.000000  91.000000  80.000000  30.179872  65.356988  32.400000  0.601000  27.000000  0.000000
 2.000000  95.000000  54.000000  14.000000  88.000000  26.100000  0.748000  22.000000  0.000000
 1.000000  99.000000  72.000000  30.000000  18.000000  38.600000  0.412000  21.000000  0.000000
 6.000000  92.000000  62.000000  32.000000  126.000000  32.000000  0.085000  46.000000  0.000000
 4.000000  154.000000  72.000000  29.000000  126.000000  31.300000  0.338000  37.000000  0.000000
 0.000000  121.000000  66.000000  30.000000  165.000000  34.300000  0.203000  33.000000  1.000000
 3.000000  78.000000  70.000000  35.564130  55.436518  32.500000  0.270000  39.000000  0.000000
 2.000000  130.000000  96.000000  26.365239  127.941876  22.600000  0.268000  21.000000  0.000000
 3.000000  111.000000  58.000000  31.000000  44.000000  29.500000  0.430000  22.000000  0.000000
 2.000000  98.000000  60.000000  17.000000  120.000000  34.700000  0.198000  22.000000  0.000000
 1.000000  143.000000  86.000000  30.000000  330.000000  30.100000  0.892000  23.000000  0.000000
 1.000000  119.000000  44.000000  47.000000  63.000000  35.500000  0.280000  25.000000  0.000000
 6.000000  108.000000  44.000000  20.000000  130.000000  24.000000  0.813000  35.000000  0.000000
 2.000000  118.000000  80.000000  34.492065  114.929913  42.900000  0.693000  21.000000  1.000000
 10.000000  133.000000  68.000000  29.822533  138.681758  27.000000  0.245000  36.000000  0.000000
 2.000000  197.000000  70.000000  99.000000  306.611876  34.700000  0.575000  62.000000  1.000000
 0.000000  151.000000  90.000000  46.000000  353.598109  42.100000  0.371000  21.000000  1.000000
 6.000000  109.000000  60.000000  27.000000  103.055964  25.000000  0.206000  27.000000  0.000000
 12.000000  121.000000  78.000000  17.000000  310.765372  26.500000  0.259000  62.000000  0.000000
 8.000000  100.000000  76.000000  36.599407  180.080079  38.700000  0.190000  42.000000  0.000000
 8.000000  124.000000  76.000000  24.000000  600.000000  28.700000  0.687000  52.000000  1.000000
 1.000000  93.000000  56.000000  11.000000  63.021100  22.500000  0.417000  22.000000  0.000000
 8.000000  143.000000  66.000000  35.335826  209.331417  34.900000  0.129000  41.000000  1.000000
 6.000000  103.000000  66.000000  17.240934  73.190766  24.300000  0.249000  29.000000  0.000000
 3.000000  176.000000  86.000000  27.000000  156.000000  33.300000  1.154000  52.000000  1.000000
 0.000000  73.000000  56.320971  17.271951  54.204203  21.100000  0.342000  25.000000  0.000000
 11.000000  111.000000  84.000000  40.000000  152.589665  46.800000  0.925000  45.000000  1.000000
 2.000000  112.000000  78.000000  50.000000  140.000000  39.400000  0.175000  24.000000  0.000000
 3.000000  132.000000  80.000000  30.267289  102.127688  34.400000  0.402000  44.000000  1.000000
 2.000000  82.000000  52.000000  22.000000  115.000000  28.500000  1.699000  25.000000  0.000000
 6.000000  123.000000  72.000000  45.000000  230.000000  33.600000  0.733000  34.000000  0.000000
 0.000000  188.000000  82.000000  14.000000  185.000000  32.000000  0.682000  22.000000  1.000000
 0.000000  67.000000  76.000000  33.060468  49.278171  45.300000  0.194000  46.000000  0.000000
 1.000000  89.000000  24.000000  19.000000  25.000000  27.800000  0.559000  21.000000  0.000000
 1.000000  173.000000  74.000000  37.405943  197.948548  36.800000  0.088000  38.000000  1.000000
 1.000000  109.000000  38.000000  18.000000  120.000000  23.100000  0.407000  26.000000  0.000000
 1.000000  108.000000  88.000000  19.000000  89.103823  27.100000  0.400000  24.000000  0.000000
 6.000000  96.000000  95.921970  16.774338  57.876158  23.700000  0.190000  28.000000  0.000000
 1.000000  124.000000  74.000000  36.000000  121.818538  27.800000  0.100000  30.000000  0.000000
 7.000000  150.000000  78.000000  29.000000  126.000000  35.200000  0.692000  54.000000  1.000000
 4.000000  183.000000  80.105661  34.431410  208.071271  28.400000  0.212000  36.000000  1.000000
 1.000000  124.000000  60.000000  32.000000  137.396445  35.800000  0.514000  21.000000  0.000000
 1.000000  181.000000  78.000000  42.000000  293.000000  40.000000  1.258000  22.000000  1.000000
 1.000000  92.000000  62.000000  25.000000  41.000000  19.500000  0.482000  25.000000  0.000000
 0.000000  152.000000  82.000000  39.000000  272.000000  41.500000  0.270000  27.000000  0.000000
 1.000000  111.000000  62.000000  13.000000  182.000000  24.000000  0.138000  23.000000  0.000000
 3.000000  106.000000  54.000000  21.000000  158.000000  30.900000  0.292000  24.000000  0.000000
 3.000000  174.000000  58.000000  22.000000  194.000000  32.900000  0.593000  36.000000  1.000000
 7.000000  168.000000  88.000000  42.000000  321.000000  38.200000  0.787000  40.000000  1.000000
 6.000000  105.000000  80.000000  28.000000  147.263023  32.500000  0.878000  26.000000  0.000000
 11.000000  138.000000  74.000000  26.000000  144.000000  36.100000  0.557000  50.000000  1.000000
 3.000000  106.000000  72.000000  25.347083  117.265262  25.800000  0.207000  27.000000  0.000000
 6.000000  117.000000  96.000000  23.438280  91.844207  28.700000  0.157000  30.000000  0.000000
 2.000000  68.000000  62.000000  13.000000  15.000000  20.100000  0.257000  23.000000  0.000000
 9.000000  112.000000  82.000000  24.000000  244.564850  28.200000  1.282000  50.000000  1.000000
 0.000000  119.000000  63.743533  29.392657  92.706922  32.400000  0.141000  24.000000  1.000000
 2.000000  112.000000  86.000000  42.000000  160.000000  38.400000  0.246000  28.000000  0.000000
 2.000000  92.000000  76.000000  20.000000  53.737567  24.200000  1.698000  28.000000  0.000000
 6.000000  183.000000  94.000000  28.504402  183.776337  40.800000  1.461000  45.000000  0.000000
 0.000000  94.000000  70.000000  27.000000  115.000000  43.500000  0.347000  21.000000  0.000000
 2.000000  108.000000  64.000000  33.915666  118.265951  30.800000  0.158000  21.000000  0.000000
 4.000000  90.000000  88.000000  47.000000  54.000000  37.700000  0.362000  29.000000  0.000000
 0.000000  125.000000  68.000000  18.859580  148.714499  24.700000  0.206000  21.000000  0.000000
 0.000000  132.000000  78.000000  29.125883  163.112117  32.400000  0.393000  21.000000  0.000000
 5.000000  128.000000  80.000000  29.252976  169.299795  34.600000  0.144000  45.000000  0.000000
 4.000000  94.000000  65.000000  22.000000  76.574103  24.700000  0.148000  21.000000  0.000000
 7.000000  114.000000  64.000000  21.962183  114.917417  27.400000  0.732000  34.000000  1.000000
 0.000000  102.000000  78.000000  40.000000  90.000000  34.500000  0.238000  24.000000  0.000000
 2.000000  111.000000  60.000000  14.721961  165.589248  26.200000  0.343000  23.000000  0.000000
 1.000000  128.000000  82.000000  17.000000  183.000000  27.500000  0.115000  22.000000  0.000000
 10.000000  92.000000  62.000000  19.556589  42.892361  25.900000  0.167000  31.000000  0.000000
 13.000000  104.000000  72.000000  29.289875  99.756089  31.200000  0.465000  38.000000  1.000000
 5.000000  104.000000  74.000000  34.251197  130.137670  28.800000  0.153000  48.000000  0.000000
 2.000000  94.000000  76.000000  18.000000  66.000000  31.600000  0.649000  23.000000  0.000000
 7.000000  97.000000  76.000000  32.000000  91.000000  40.900000  0.871000  32.000000  1.000000
 1.000000  100.000000  74.000000  12.000000  46.000000  19.500000  0.149000  28.000000  0.000000
 0.000000  102.000000  86.000000  17.000000  105.000000  29.300000  0.695000  27.000000  0.000000
 4.000000  128.000000  70.000000  28.450116  178.245311  34.300000  0.303000  24.000000  0.000000
 6.000000  147.000000  80.000000  30.731275  177.998416  29.500000  0.178000  50.000000  1.000000
 4.000000  90.000000  67.137574  24.066394  47.710801  28.000000  0.610000  31.000000  0.000000
 3.000000  103.000000  72.000000  30.000000  152.000000  27.600000  0.730000  27.000000  0.000000
 2.000000  157.000000  74.000000  35.000000  440.000000  39.400000  0.134000  30.000000  0.000000
 1.000000  167.000000  74.000000  17.000000  144.000000  23.400000  0.447000  33.000000  1.000000
 0.000000  179.000000  50.000000  36.000000  159.000000  37.800000  0.455000  22.000000  1.000000
 11.000000  136.000000  84.000000  35.000000  130.000000  28.300000  0.260000  42.000000  1.000000
 0.000000  107.000000  60.000000  25.000000  125.440770  26.400000  0.133000  23.000000  0.000000
 1.000000  91.000000  54.000000  25.000000  100.000000  25.200000  0.234000  23.000000  0.000000
 1.000000  117.000000  60.000000  23.000000  106.000000  33.800000  0.466000  27.000000  0.000000
 5.000000  123.000000  74.000000  40.000000  77.000000  34.100000  0.269000  28.000000  0.000000
 2.000000  120.000000  54.000000  16.795324  122.848457  26.800000  0.455000  27.000000  0.000000
 1.000000  106.000000  70.000000  28.000000  135.000000  34.200000  0.142000  22.000000  0.000000
 2.000000  155.000000  52.000000  27.000000  540.000000  38.700000  0.240000  25.000000  1.000000
 2.000000  101.000000  58.000000  35.000000  90.000000  21.800000  0.155000  22.000000  0.000000
 1.000000  120.000000  80.000000  48.000000  200.000000  38.900000  1.162000  41.000000  0.000000
 11.000000  127.000000  106.000000  31.141723  121.463473  39.000000  0.190000  51.000000  0.000000
 3.000000  80.000000  82.000000  31.000000  70.000000  34.200000  1.292000  27.000000  1.000000
 10.000000  162.000000  84.000000  33.738672  108.085962  27.700000  0.182000  54.000000  0.000000
 1.000000  199.000000  76.000000  43.000000  390.599136  42.900000  1.394000  22.000000  1.000000
 8.000000  167.000000  106.000000  46.000000  231.000000  37.600000  0.165000  43.000000  1.000000
 9.000000  145.000000  80.000000  46.000000  130.000000  37.900000  0.637000  40.000000  1.000000
 6.000000  115.000000  60.000000  39.000000  133.249890  33.700000  0.245000  40.000000  1.000000
 1.000000  112.000000  80.000000  45.000000  132.000000  34.800000  0.217000  24.000000  0.000000
 4.000000  145.000000  82.000000  18.000000  172.026225  32.500000  0.235000  70.000000  1.000000
 10.000000  111.000000  70.000000  27.000000  116.682702  27.500000  0.141000  40.000000  1.000000
 6.000000  98.000000  58.000000  33.000000  190.000000  34.000000  0.430000  43.000000  0.000000
 9.000000  154.000000  78.000000  30.000000  100.000000  30.900000  0.164000  45.000000  0.000000
 6.000000  165.000000  68.000000  26.000000  168.000000  33.600000  0.631000  49.000000  0.000000
 1.000000  99.000000  58.000000  10.000000  150.780018  25.400000  0.551000  21.000000  0.000000
 10.000000  68.000000  106.000000  23.000000  49.000000  35.500000  0.285000  47.000000  0.000000
 3.000000  123.000000  100.000000  35.000000  240.000000  57.300000  0.880000  22.000000  0.000000
 8.000000  91.000000  82.000000  34.243326  153.937731  35.600000  0.587000  68.000000  0.000000
 6.000000  195.000000  70.000000  28.437835  338.259393  30.900000  0.328000  31.000000  1.000000
 9.000000  156.000000  86.000000  31.966004  92.107891  24.800000  0.230000  53.000000  1.000000
 0.000000  93.000000  60.000000  29.646202  110.538178  35.300000  0.263000  25.000000  0.000000
 3.000000  121.000000  52.000000  41.046914  145.390545  36.000000  0.127000  25.000000  1.000000
 2.000000  101.000000  58.000000  17.000000  265.000000  24.200000  0.614000  23.000000  0.000000
 2.000000  56.000000  56.000000  28.000000  45.000000  24.200000  0.332000  22.000000  0.000000
 0.000000  162.000000  76.000000  36.000000  255.588565  49.600000  0.364000  26.000000  1.000000
 0.000000  95.000000  64.000000  39.000000  105.000000  44.600000  0.366000  22.000000  0.000000
 4.000000  125.000000  80.000000  32.945275  142.590930  32.300000  0.536000  27.000000  1.000000
 5.000000  136.000000  82.000000  25.389521  235.578964  28.469468  0.640000  69.000000  0.000000
 2.000000  129.000000  74.000000  26.000000  205.000000  33.200000  0.591000  25.000000  0.000000
 3.000000  130.000000  64.000000  15.141160  374.374369  23.100000  0.314000  22.000000  0.000000
 1.000000  107.000000  50.000000  19.000000  113.693809  28.300000  0.181000  29.000000  0.000000
 1.000000  140.000000  74.000000  26.000000  180.000000  24.100000  0.828000  23.000000  0.000000
 1.000000  144.000000  82.000000  46.000000  180.000000  46.100000  0.335000  46.000000  1.000000
 8.000000  107.000000  80.000000  28.496539  114.243985  24.600000  0.856000  34.000000  0.000000
 13.000000  158.000000  114.000000  37.745677  223.272846  42.300000  0.257000  44.000000  1.000000
 2.000000  121.000000  70.000000  32.000000  95.000000  39.100000  0.886000  23.000000  0.000000
 7.000000  129.000000  68.000000  49.000000  125.000000  38.500000  0.439000  43.000000  1.000000
 2.000000  90.000000  60.000000  16.716543  52.830741  23.500000  0.191000  25.000000  0.000000
 7.000000  142.000000  90.000000  24.000000  480.000000  30.400000  0.128000  43.000000  1.000000
 3.000000  169.000000  74.000000  19.000000  125.000000  29.900000  0.268000  31.000000  1.000000
 0.000000  99.000000  52.747785  18.538593  97.415397  25.000000  0.253000  22.000000  0.000000
 4.000000  127.000000  88.000000  11.000000  155.000000  34.500000  0.598000  28.000000  0.000000
 4.000000  118.000000  70.000000  32.041373  118.147357  44.500000  0.904000  26.000000  0.000000
 2.000000  122.000000  76.000000  27.000000  200.000000  35.900000  0.483000  26.000000  0.000000
 6.000000  125.000000  78.000000  31.000000  265.738238  27.600000  0.565000  49.000000  1.000000
 1.000000  168.000000  88.000000  29.000000  183.191644  35.000000  0.905000  52.000000  1.000000
 2.000000  129.000000  68.526628  40.767635  122.595077  38.500000  0.304000  41.000000  0.000000
 4.000000  110.000000  76.000000  20.000000  100.000000  28.400000  0.118000  27.000000  0.000000
 6.000000  80.000000  80.000000  36.000000  73.869198  39.800000  0.177000  28.000000  0.000000
 10.000000  115.000000  78.684106  23.845343  138.238338  31.075118  0.261000  30.000000  1.000000
 2.000000  127.000000  46.000000  21.000000  335.000000  34.400000  0.176000  22.000000  0.000000
 9.000000  164.000000  78.000000  36.560230  105.183942  32.800000  0.148000  45.000000  1.000000
 2.000000  93.000000  64.000000  32.000000  160.000000  38.000000  0.674000  23.000000  1.000000
 3.000000  158.000000  64.000000  13.000000  387.000000  31.200000  0.295000  24.000000  0.000000
 5.000000  126.000000  78.000000  27.000000  22.000000  29.600000  0.439000  40.000000  0.000000
 10.000000  129.000000  62.000000  36.000000  197.993159  41.200000  0.441000  38.000000  1.000000
 0.000000  134.000000  58.000000  20.000000  291.000000  26.400000  0.352000  21.000000  0.000000
 3.000000  102.000000  74.000000  25.038074  101.229533  29.500000  0.121000  32.000000  0.000000
 7.000000  187.000000  50.000000  33.000000  392.000000  33.900000  0.826000  34.000000  1.000000
 3.000000  173.000000  78.000000  39.000000  185.000000  33.800000  0.970000  31.000000  1.000000
 10.000000  94.000000  72.000000  18.000000  144.898348  23.100000  0.595000  56.000000  0.000000
 1.000000  108.000000  60.000000  46.000000  178.000000  35.500000  0.415000  24.000000  0.000000
 5.000000  97.000000  76.000000  27.000000  161.656696  35.600000  0.378000  52.000000  1.000000
 4.000000  83.000000  86.000000  19.000000  70.668533  29.300000  0.317000  34.000000  0.000000
 1.000000  114.000000  66.000000  36.000000  200.000000  38.100000  0.289000  21.000000  0.000000
 1.000000  149.000000  68.000000  29.000000  127.000000  29.300000  0.349000  42.000000  1.000000
 5.000000  117.000000  86.000000  30.000000  105.000000  39.100000  0.251000  42.000000  0.000000
 1.000000  111.000000  94.000000  27.216885  126.270810  32.800000  0.265000  45.000000  0.000000
 4.000000  112.000000  78.000000  40.000000  139.054760  39.400000  0.236000  38.000000  0.000000
 1.000000  116.000000  78.000000  29.000000  180.000000  36.100000  0.496000  25.000000  0.000000
 0.000000  141.000000  84.000000  26.000000  230.635911  32.400000  0.433000  22.000000  0.000000
 2.000000  175.000000  88.000000  27.715039  285.769210  22.900000  0.326000  22.000000  0.000000
 2.000000  92.000000  52.000000  25.960164  70.949304  30.100000  0.141000  22.000000  0.000000
 3.000000  130.000000  78.000000  23.000000  79.000000  28.400000  0.323000  34.000000  1.000000
 8.000000  120.000000  86.000000  22.948455  134.997961  28.400000  0.259000  22.000000  1.000000
 2.000000  174.000000  88.000000  37.000000  120.000000  44.500000  0.646000  24.000000  1.000000
 2.000000  106.000000  56.000000  27.000000  165.000000  29.000000  0.426000  22.000000  0.000000
 2.000000  105.000000  75.000000  25.774170  165.287120  23.300000  0.560000  53.000000  0.000000
 4.000000  95.000000  60.000000  32.000000  111.277144  35.400000  0.284000  28.000000  0.000000
 0.000000  126.000000  86.000000  27.000000  120.000000  27.400000  0.515000  21.000000  0.000000
 8.000000  65.000000  72.000000  23.000000  57.145952  32.000000  0.600000  42.000000  0.000000
 2.000000  99.000000  60.000000  17.000000  160.000000  36.600000  0.453000  21.000000  0.000000
 1.000000  102.000000  74.000000  40.172635  179.476759  39.500000  0.293000  42.000000  1.000000
 11.000000  120.000000  80.000000  37.000000  150.000000  42.300000  0.785000  48.000000  1.000000
 3.000000  102.000000  44.000000  20.000000  94.000000  30.800000  0.400000  26.000000  0.000000
 1.000000  109.000000  58.000000  18.000000  116.000000  28.500000  0.219000  22.000000  0.000000
 9.000000  140.000000  94.000000  30.398487  298.649216  32.700000  0.734000  45.000000  1.000000
 13.000000  153.000000  88.000000  37.000000  140.000000  40.600000  1.174000  39.000000  0.000000
 12.000000  100.000000  84.000000  33.000000  105.000000  30.000000  0.488000  46.000000  0.000000
 1.000000  147.000000  94.000000  41.000000  240.369551  49.300000  0.358000  27.000000  1.000000
 1.000000  81.000000  74.000000  41.000000  57.000000  46.300000  1.096000  32.000000  0.000000
 3.000000  187.000000  70.000000  22.000000  200.000000  36.400000  0.408000  36.000000  1.000000
 6.000000  162.000000  62.000000  23.996677  197.055291  24.300000  0.178000  50.000000  1.000000
 4.000000  136.000000  70.000000  34.371381  114.514005  31.200000  1.182000  22.000000  1.000000
 1.000000  121.000000  78.000000  39.000000  74.000000  39.000000  0.261000  28.000000  0.000000
 3.000000  108.000000  62.000000  24.000000  119.708316  26.000000  0.223000  25.000000  0.000000
 0.000000  181.000000  88.000000  44.000000  510.000000  43.300000  0.222000  26.000000  1.000000
 8.000000  154.000000  78.000000  32.000000  115.003230  32.400000  0.443000  45.000000  1.000000
 1.000000  128.000000  88.000000  39.000000  110.000000  36.500000  1.057000  37.000000  1.000000
 7.000000  137.000000  90.000000  41.000000  105.474357  32.000000  0.391000  39.000000  0.000000
 0.000000  123.000000  72.000000  30.330142  271.945928  36.300000  0.258000  52.000000  1.000000
 1.000000  106.000000  76.000000  33.623305  182.754385  37.500000  0.197000  26.000000  0.000000
 6.000000  190.000000  92.000000  27.543201  235.613126  35.500000  0.278000  66.000000  1.000000
 2.000000  88.000000  58.000000  26.000000  16.000000  28.400000  0.766000  22.000000  0.000000
 9.000000  170.000000  74.000000  31.000000  200.904567  44.000000  0.403000  43.000000  1.000000
 9.000000  89.000000  62.000000  20.022218  37.942846  22.500000  0.142000  33.000000  0.000000
 10.000000  101.000000  76.000000  48.000000  180.000000  32.900000  0.171000  63.000000  0.000000
 2.000000  122.000000  70.000000  27.000000  169.875684  36.800000  0.340000  27.000000  0.000000
 5.000000  121.000000  72.000000  23.000000  112.000000  26.200000  0.245000  30.000000  0.000000
 1.000000  126.000000  60.000000  31.725105  128.412042  30.100000  0.349000  47.000000  1.000000
 1.000000  93.000000  70.000000  31.000000  76.064378  30.400000  0.315000  23.000000  0.000000
