 6.000000  148.000000  72.000000  35.000000  189.419613  33.600000  0.627000  50.000000  1.000000
 1.000000  85.000000  66.000000  29.000000  63.256661  26.600000  0.351000  31.000000  0.000000
 8.000000  183.000000  64.000000  27.119764  222.401769  23.300000  0.672000  32.000000  1.000000
 1.000000  89.000000  66.000000  23.000000  94.000000  28.100000  0.167000  21.000000  0.000000
 0.000000  137.000000  40.000000  35.000000  168.000000  43.100000  2.288000  33.000000  1.000000
 5.000000  116.000000  74.000000  23.076790  111.680459  25.600000  0.201000  30.000000  0.000000
 3.000000  78.000000  50.000000  32.000000  88.000000  31.000000  0.248000  26.000000  1.000000
 10.000000  115.000000  69.284090  32.238538  123.237450  35.300000  0.134000  29.000000  0.000000
 2.000000  197.000000  70.000000  45.000000  543.000000  30.500000  0.158000  53.000000  1.000000
 8.000000  125.000000  96.000000  27.458164  205.887949  34.034462  0.232000  54.000000  1.000000
 4.000000  110.000000  92.000000  33.709549  153.754959  37.600000  0.191000  30.000000  0.000000
 10.000000  168.000000  74.000000  32.782334  252.378099  38.000000  0.537000  34.000000  1.000000
 10.000000  139.000000  80.000000  26.625330  207.528409  27.100000  1.441000  57.000000  0.000000
 1.000000  189.000000  60.000000  23.000000  846.000000  30.100000  0.398000  59.000000  1.000000
 5.000000  166.000000  72.000000  19.000000  175.000000  25.800000  0.587000  51.000000  1.000000
 7.000000  100.000000  70.682529  26.602928  96.888660  30.000000  0.484000  32.000000  1.000000
 0.000000  118.000000  84.000000  47.000000  230.000000  45.800000  0.551000  31.000000  1.000000
 7.000000  107.000000  74.000000  30.038304  120.839369  29.600000  0.254000  31.000000  1.000000
 1.000000  103.000000  30.000000  38.000000  83.000000  43.300000  0.183000  33.000000  0.000000
 1.000000  115.000000  70.000000  30.000000  96.000000  34.600000  0.529000  32.000000  1.000000
 3.000000  126.000000  88.000000  41.000000  235.000000  39.300000  0.704000  27.000000  0.000000
 8.000000  99.000000  84.000000  31.643927  142.995879  35.400000  0.388000  50.000000  0.000000
 7.000000  196.000000  90.000000  30.469985  267.340047  39.800000  0.451000  41.000000  1.000000
 9.000000  119.000000  80.000000  35.000000  148.583169  29.000000  0.263000  29.000000  1.000000
 11.000000  143.000000  94.000000  33.000000  146.000000  36.600000  0.254000  51.000000  1.000000
 10.000000  125.000000  70.000000  26.000000  115.000000  31.100000  0.205000  41.000000  1.000000
 7.000000  147.000000  76.000000  36.032696  180.901012  39.400000  0.257000  43.000000  1.000000
 1.000000  97.000000  66.000000  15.000000  140.000000  23.200000  0.487000  22.000000  0.000000
 13.000000  145.000000  82.000000  19.000000  110.000000  22.200000  0.245000  57.000000  0.000000
 5.000000  117.000000  92.000000  30.415762  145.090585  34.100000  0.337000  38.000000  0.000000
 5.000000  109.000000  75.000000  26.000000  179.965544  36.000000  0.546000  60.000000  0.000000
 3.000000  158.000000  76.000000  36.000000  245.000000  31.600000  0.851000  28.000000  1.000000
 3.000000  88.000000  58.000000  11.000000  54.000000  24.800000  0.267000  22.000000  0.000000
 6.000000  92.000000  92.000000  21.245397  66.271239  19.900000  0.188000  28.000000  0.000000
 10.000000  122.000000  78.000000  31.000000  156.722507  27.600000  0.512000  45.000000  0.000000
 4.000000  103.000000  60.000000  33.000000  192.000000  24.000000  0.966000  33.000000  0.000000
 11.000000  138.000000  76.000000  31.871527  158.199830  33.200000  0.420000  35.000000  0.000000
 9.000000  102.000000  76.000000  37.000000  138.118866  32.900000  0.665000  46.000000  1.000000
 2.000000  90.000000  68.000000  42.000000  93.743110  38.200000  0.503000  27.000000  1.000000
 4.000000  111.000000  72.000000  47.000000  207.000000  37.100000  1.390000  56.000000  1.000000
 3.000000  180.000000  64.000000  25.000000  70.000000  34.000000  0.271000  26.000000  0.000000
 7.000000  133.000000  84.000000  33.664681  155.975169  40.200000  0.696000  37.000000  0.000000
 7.000000  106.000000  92.000000  18.000000  133.552505  22.700000  0.235000  48.000000  0.000000
 9.000000  171.000000  110.000000  24.000000  240.000000  45.400000  0.721000  54.000000  1.000000
 7.000000  159.000000  64.000000  28.326875  211.360058  27.400000  0.294000  40.000000  0.000000
 0.000000  180.000000  66.000000  39.000000  304.936065  42.000000  1.893000  25.000000  1.000000
 1.000000  146.000000  56.000000  29.186231  224.592016  29.700000  0.564000  29.000000  0.000000
 2.000000  71.000000  70.000000  27.000000  52.302003  28.000000  0.586000  22.000000  0.000000
 7.000000  103.000000  66.000000  32.000000  127.829688  39.100000  0.344000  31.000000  1.000000
 7.000000  105.000000  63.358242  28.358996  118.536068  32.093572  0.305000  24.000000  0.000000
 1.000000  103.000000  80.000000  11.000000  82.000000  19.400000  0.491000  22.000000  0.000000
 1.000000  101.000000  50.000000  15.000000  36.000000  24.200000  0.526000  26.000000  0.000000
 5.000000  88.000000  66.000000  21.000000  23.000000  24.400000  0.342000  30.000000  0.000000
 8.000000  176.000000  90.000000  34.000000  300.000000  33.700000  0.467000  58.000000  1.000000
 7.000000  150.000000  66.000000  42.000000  342.000000  34.700000  0.718000  42.000000  0.000000
 1.000000  73.000000  50.000000  10.000000  53.788511  23.000000  0.248000  21.000000  0.000000
 7.000000  187.000000  68.000000  39.000000  304.000000  37.700000  0.254000  41.000000  1.000000
 0.000000  100.000000  88.000000  60.000000  110.000000  46.800000  0.962000  31.000000  0.000000
 0.000000  146.000000  82.000000  37.426203  197.618210  40.500000  1.781000  44.000000  0.000000
 0.000000  105.000000  64.000000  41.000000  142.000000  41.500000  0.173000  22.000000  0.000000
 2.000000  84.000000  73.990400  20.002169  23.035330  27.705738  0.304000  21.000000  0.000000
 8.000000  133.000000  72.000000  31.159862  139.095686  32.900000  0.270000  39.000000  1.000000
 5.000000  44.000000  62.000000  28.270536  50.022558  25.000000  0.587000  36.000000  0.000000
 2.000000  141.000000  58.000000  34.000000  128.000000  25.400000  0.699000  24.000000  0.000000
 7.000000  114.000000  66.000000  31.974717  140.794765  32.800000  0.258000  42.000000  1.000000
 5.000000  99.000000  74.000000  27.000000  111.217564  29.000000  0.203000  32.000000  0.000000
 0.000000  109.000000  88.000000  30.000000  147.563685  32.500000  0.855000  38.000000  1.000000
 2.000000  109.000000  92.000000  32.871113  165.444223  42.700000  0.845000  54.000000  0.000000
 1.000000  95.000000  66.000000  13.000000  38.000000  19.600000  0.334000  25.000000  0.000000
 4.000000  146.000000  85.000000  27.000000  100.000000  28.900000  0.189000  27.000000  0.000000
 2.000000  100.000000  66.000000  20.000000  90.000000  32.900000  0.867000  28.000000  1.000000
 5.000000  139.000000  64.000000  35.000000  140.000000  28.600000  0.411000  26.000000  0.000000
 13.000000  126.000000  90.000000  35.739133  159.687736  43.400000  0.583000  42.000000  1.000000
 4.000000  129.000000  86.000000  20.000000  270.000000  35.100000  0.231000  23.000000  0.000000
 1.000000  79.000000  75.000000  30.000000  62.411799  32.000000  0.396000  22.000000  0.000000
 1.000000  77.580137  48.000000  20.000000  132.218369  24.700000  0.140000  22.000000  0.000000
 7.000000  62.000000  78.000000  31.488803  51.905875  32.600000  0.391000  41.000000  0.000000
 5.000000  95.000000  72.000000  33.000000  110.545427  37.700000  0.370000  27.000000  0.000000
 0.000000  131.000000  71.252107  38.144646  198.767347  43.200000  0.270000  26.000000  1.000000
 2.000000  112.000000  66.000000  22.000000  101.218395  25.000000  0.307000  24.000000  0.000000
 3.000000  113.000000  44.000000  13.000000  122.365186  22.400000  0.140000  22.000000  0.000000
 2.000000  74.000000  48.700407  19.551294  36.372909  25.054073  0.102000  22.000000  0.000000
 7.000000  83.000000  78.000000  26.000000  71.000000  29.300000  0.767000  36.000000  0.000000
 0.000000  101.000000  65.000000  28.000000  98.919035  24.600000  0.237000  22.000000  0.000000
 5.000000  137.000000  108.000000  37.460084  177.432499  48.800000  0.227000  37.000000  1.000000
 2.000000  110.000000  74.000000  29.000000  125.000000  32.400000  0.698000  27.000000  0.000000
 13.000000  106.000000  72.000000  54.000000  146.382678  36.600000  0.178000  45.000000  0.000000
 2.000000  100.000000  68.000000  25.000000  71.000000  38.500000  0.324000  26.000000  0.000000
 15.000000  136.000000  70.000000  32.000000  110.000000  37.100000  0.153000  43.000000  1.000000
 1.000000  107.000000  68.000000  19.000000  103.165989  26.500000  0.165000  24.000000  0.000000
 1.000000  80.000000  55.000000  18.554881  62.233968  19.100000  0.258000  21.000000  0.000000
 4.000000  123.000000  80.000000  15.000000  176.000000  32.000000  0.443000  34.000000  0.000000
 7.000000  81.000000  78.000000  40.000000  48.000000  46.700000  0.261000  42.000000  0.000000
 4.000000  134.000000  72.000000  24.940606  185.466470  23.800000  0.277000  60.000000  1.000000
 2.000000  142.000000  82.000000  18.000000  64.000000  24.700000  0.761000  21.000000  0.000000
 6.000000  144.000000  72.000000  27.000000  228.000000  33.900000  0.255000  40.000000  0.000000
 2.000000  92.000000  62.000000  28.000000  81.767784  31.600000  0.130000  24.000000  0.000000
 1.000000  71.000000  48.000000  18.000000  76.000000  20.400000  0.323000  22.000000  0.000000
 6.000000  93.000000  50.000000  30.000000  64.000000  28.700000  0.356000  23.000000  0.000000
 1.000000  122.000000  90.000000  51.000000  220.000000  49.700000  0.325000  31.000000  1.000000
 1.000000  163.000000  72.000000  33.249662  262.891023  39.000000  1.222000  33.000000  1.000000
 1.000000  151.000000  60.000000  26.960915  218.929713  26.100000  0.179000  22.000000  0.000000
 0.000000  125.000000  96.000000  26.482742  145.461559  22.500000  0.262000  21.000000  0.000000
 1.000000  81.000000  72.000000  18.000000  40.000000  26.600000  0.283000  24.000000  0.000000
 2.000000  85.000000  65.000000  34.227663  86.289952  39.600000  0.930000  27.000000  0.000000
 1.000000  126.000000  56.000000  29.000000  152.000000  28.700000  0.801000  21.000000  0.000000
 1.000000  96.000000  122.000000  24.705957  78.960350  22.400000  0.207000  27.000000  0.000000
 4.000000  144.000000  58.000000  28.000000  140.000000  29.500000  0.287000  37.000000  0.000000
 3.000000  83.000000  58.000000  31.000000  18.000000  34.300000  0.336000  25.000000  0.000000
 0.000000  95.000000  85.000000  25.000000  36.000000  37.400000  0.247000  24.000000  1.000000
 3.000000  171.000000  72.000000  33.000000  135.000000  33.300000  0.199000  24.000000  1.000000
 8.000000  155.000000  62.000000  26.000000  495.000000  34.000000  0.543000  46.000000  1.000000
 1.000000  89.000000  76.000000  34.000000  37.000000  31.200000  0.192000  23.000000  0.000000
 4.000000  76.000000  62.000000  27.022639  62.269520  34.000000  0.391000  25.000000  0.000000
 7.000000  160.000000  54.000000  32.000000  175.000000  30.500000  0.588000  39.000000  1.000000
 4.000000  146.000000  92.000000  28.720616  191.256440  31.200000  0.539000  61.000000  1.000000
 5.000000  124.000000  74.000000  33.163147  155.285044  34.000000  0.220000  38.000000  1.000000
 5.000000  78.000000  48.000000  26.058742  73.729169  33.700000  0.654000  25.000000  0.000000
 4.000000  97.000000  60.000000  23.000000  94.392946  28.200000  0.443000  22.000000  0.000000
 4.000000  99.000000  76.000000  15.000000  51.000000  23.200000  0.223000  21.000000  0.000000
 0.000000  162.000000  76.000000  56.000000  100.000000  53.200000  0.759000  25.000000  1.000000
 6.000000  111.000000  64.000000  39.000000  121.959538  34.200000  0.260000  24.000000  0.000000
 2.000000  107.000000  74.000000  30.000000  100.000000  33.600000  0.404000  23.000000  0.000000
 5.000000  132.000000  80.000000  25.510549  197.910289  26.800000  0.186000  69.000000  0.000000
 0.000000  113.000000  76.000000  29.539483  133.106463  33.300000  0.278000  23.000000  1.000000
 1.000000  88.000000  30.000000  42.000000  99.000000  55.000000  0.496000  26.000000  1.000000
 3.000000  120.000000  70.000000  30.000000  135.000000  42.900000  0.452000  30.000000  0.000000
 1.000000  118.000000  58.000000  36.000000  94.000000  33.300000  0.261000  23.000000  0.000000
 1.000000  117.000000  88.000000  24.000000  145.000000  34.500000  0.403000  40.000000  1.000000
 0.000000  105.000000  84.000000  31.127085  176.861024  27.900000  0.741000  62.000000  1.000000
 4.000000  173.000000  70.000000  14.000000  168.000000  29.700000  0.361000  33.000000  1.000000
 9.000000  122.000000  56.000000  27.807075  151.295263  33.300000  1.114000  33.000000  1.000000
 3.000000  170.000000  64.000000  37.000000  225.000000  34.500000  0.356000  30.000000  1.000000
 8.000000  84.000000  74.000000  31.000000  85.863380  38.300000  0.457000  39.000000  0.000000
 2.000000  96.000000  68.000000  13.000000  49.000000  21.100000  0.647000  26.000000  0.000000
 2.000000  125.000000  60.000000  20.000000  140.000000  33.800000  0.088000  31.000000  0.000000
 0.000000  100.000000  70.000000  26.000000  50.000000  30.800000  0.597000  21.000000  0.000000
 0.000000  93.000000  60.000000  25.000000  92.000000  28.700000  0.532000  22.000000  0.000000
 0.000000  129.000000  80.000000  27.851116  153.199053  31.200000  0.703000  29.000000  0.000000
 5.000000  105.000000  72.000000  29.000000  325.000000  36.900000  0.159000  28.000000  0.000000
 3.000000  128.000000  78.000000  24.413761  212.776458  21.100000  0.268000  55.000000  0.000000
 5.000000  106.000000  82.000000  30.000000  153.514438  39.500000  0.286000  38.000000  0.000000
 2.000000  108.000000  52.000000  26.000000  63.000000  32.500000  0.318000  22.000000  0.000000
 10.000000  108.000000  66.000000  33.730886  126.407912  32.400000  0.272000  42.000000  1.000000
 4.000000  154.000000  62.000000  31.000000  284.000000  32.800000  0.237000  23.000000  0.000000
 0.000000  102.000000  75.000000  23.000000  73.905053  29.215991  0.572000  21.000000  0.000000
 9.000000  57.000000  80.000000  37.000000  56.330323  32.800000  0.096000  41.000000  0.000000
 2.000000  106.000000  64.000000  35.000000  119.000000  30.500000  1.400000  34.000000  0.000000
 5.000000  147.000000  78.000000  25.199251  194.189565  33.700000  0.218000  65.000000  0.000000
 2.000000  90.000000  70.000000  17.000000  58.925231  27.300000  0.085000  22.000000  0.000000
 1.000000  136.000000  74.000000  50.000000  204.000000  37.400000  0.399000  24.000000  0.000000
 4.000000  114.000000  65.000000  23.595463  116.741767  21.900000  0.432000  37.000000  0.000000
 9.000000  156.000000  86.000000  28.000000  155.000000  34.300000  1.189000  42.000000  1.000000
 1.000000  153.000000  82.000000  42.000000  485.000000  40.600000  0.687000  23.000000  0.000000
 8.000000  188.000000  78.000000  31.810149  255.513283  47.900000  0.137000  43.000000  1.000000
 7.000000  152.000000  88.000000  44.000000  263.230111  50.000000  0.337000  36.000000  1.000000
 2.000000  99.000000  52.000000  15.000000  94.000000  24.600000  0.637000  21.000000  0.000000
 1.000000  109.000000  56.000000  21.000000  135.000000  25.200000  0.833000  23.000000  0.000000
 2.000000  88.000000  74.000000  19.000000  53.000000  29.000000  0.229000  22.000000  0.000000
 17.000000  163.000000  72.000000  41.000000  114.000000  40.900000  0.817000  47.000000  1.000000
 4.000000  151.000000  90.000000  38.000000  199.003633  29.700000  0.294000  36.000000  0.000000
 7.000000  102.000000  74.000000  40.000000  105.000000  37.200000  0.204000  45.000000  0.000000
 0.000000  114.000000  80.000000  34.000000  285.000000  44.200000  0.167000  27.000000  0.000000
 2.000000  100.000000  64.000000  23.000000  100.500938  29.700000  0.368000  21.000000  0.000000
 0.000000  131.000000  88.000000  30.170986  147.103490  31.600000  0.743000  32.000000  1.000000
 6.000000  104.000000  74.000000  18.000000  156.000000  29.900000  0.722000  41.000000  1.000000
 3.000000  148.000000  66.000000  25.000000  198.955892  32.500000  0.256000  22.000000  0.000000
 4.000000  120.000000  68.000000  29.352356  157.916427  29.600000  0.709000  34.000000  0.000000
 4.000000  110.000000  66.000000  30.959026  119.701785  31.900000  0.471000  29.000000  0.000000
 3.000000  111.000000  90.000000  12.000000  78.000000  28.400000  0.495000  29.000000  0.000000
 6.000000  102.000000  82.000000  30.194661  126.036478  30.800000  0.180000  36.000000  1.000000
 6.000000  134.000000  70.000000  23.000000  130.000000  35.400000  0.542000  29.000000  1.000000
 2.000000  87.000000  60.279510  23.000000  56.820948  28.900000  0.773000  25.000000  0.000000
 1.000000  79.000000  60.000000  42.000000  48.000000  43.500000  0.678000  23.000000  0.000000
 2.000000  75.000000  64.000000  24.000000  55.000000  29.700000  0.370000  33.000000  0.000000
 8.000000  179.000000  72.000000  42.000000  130.000000  32.700000  0.719000  36.000000  1.000000
 6.000000  85.000000  78.000000  27.541588  88.903775  31.200000  0.382000  42.000000  0.000000
 0.000000  129.000000  110.000000  46.000000  130.000000  67.100000  0.319000  26.000000  1.000000
 5.000000  143.000000  78.000000  38.864158  196.921850  45.000000  0.190000  47.000000  0.000000
 5.000000  130.000000  82.000000  32.597146  149.524442  39.100000  0.956000  37.000000  1.000000
 6.000000  87.000000  80.000000  21.717508  59.366993  23.200000  0.084000  32.000000  0.000000
 0.000000  119.000000  64.000000  18.000000  92.000000  34.900000  0.725000  23.000000  0.000000
 1.000000  84.000496  74.000000  20.000000  23.000000  27.700000  0.299000  21.000000  0.000000
 5.000000  73.000000  60.000000  23.221819  59.534209  26.800000  0.268000  27.000000  0.000000
 4.000000  141.000000  74.000000  31.830587  164.294269  27.600000  0.244000  40.000000  0.000000
 7.000000  194.000000  68.000000  28.000000  288.218578  35.900000  0.745000  41.000000  1.000000
 8.000000  181.000000  68.000000  36.000000  495.000000  30.100000  0.615000  60.000000  1.000000
 1.000000  128.000000  98.000000  41.000000  58.000000  32.000000  1.321000  33.000000  1.000000
 8.000000  109.000000  76.000000  39.000000  114.000000  27.900000  0.640000  31.000000  1.000000
 5.000000  139.000000  80.000000  35.000000  160.000000  31.600000  0.361000  25.000000  1.000000
 3.000000  111.000000  62.000000  18.031811  146.713499  22.600000  0.142000  21.000000  0.000000
 9.000000  123.000000  70.000000  44.000000  94.000000  33.100000  0.374000  40.000000  0.000000
 7.000000  159.000000  66.000000  28.226536  229.868777  30.400000  0.383000  36.000000  1.000000
 11.000000  135.000000  85.132852  38.316889  193.311819  52.300000  0.578000  40.000000  1.000000
 8.000000  85.000000  55.000000  20.000000  84.881523  24.400000  0.136000  42.000000  0.000000
 5.000000  158.000000  84.000000  41.000000  210.000000  39.400000  0.395000  29.000000  1.000000
 1.000000  105.000000  58.000000  20.731321  135.624388  24.300000  0.187000  21.000000  0.000000
 3.000000  107.000000  62.000000  13.000000  48.000000  22.900000  0.678000  23.000000  1.000000
 4.000000  109.000000  64.000000  44.000000  99.000000  34.800000  0.905000  26.000000  1.000000
 4.000000  148.000000  60.000000  27.000000  318.000000  30.900000  0.150000  29.000000  1.000000
 0.000000  113.000000  80.000000  16.000000  99.430373  31.000000  0.874000  21.000000  0.000000
 1.000000  138.000000  82.000000  34.831608  198.321730  40.100000  0.236000  28.000000  0.000000
 0.000000  108.000000  68.000000  20.000000  92.595037  27.300000  0.787000  32.000000  0.000000
 2.000000  99.000000  70.000000  16.000000  44.000000  20.400000  0.235000  27.000000  0.000000
 6.000000  103.000000  72.000000  32.000000  190.000000  37.700000  0.324000  55.000000  0.000000
 5.000000  111.000000  72.000000  28.000000  117.565829  23.900000  0.407000  27.000000  0.000000
 8.000000  196.000000  76.000000  29.000000  280.000000  37.500000  0.605000  57.000000  1.000000
 5.000000  162.000000  104.000000  35.188144  211.470500  37.700000  0.151000  52.000000  1.000000
 1.000000  96.000000  64.000000  27.000000  87.000000  33.200000  0.289000  21.000000  0.000000
 7.000000  184.000000  84.000000  33.000000  240.767883  35.500000  0.355000  41.000000  1.000000
 2.000000  81.000000  60.000000  22.000000  62.651857  27.700000  0.290000  25.000000  0.000000
 0.000000  147.000000  85.000000  54.000000  244.776956  42.800000  0.375000  24.000000  0.000000
 7.000000  179.000000  95.000000  31.000000  237.785228  34.200000  0.164000  60.000000  0.000000
 0.000000  140.000000  65.000000  26.000000  130.000000  42.600000  0.431000  24.000000  1.000000
 9.000000  112.000000  82.000000  32.000000  175.000000  34.200000  0.260000  36.000000  1.000000
 12.000000  151.000000  70.000000  40.000000  271.000000  41.800000  0.742000  38.000000  1.000000
 5.000000  109.000000  62.000000  41.000000  129.000000  35.800000  0.514000  25.000000  1.000000
 6.000000  125.000000  68.000000  30.000000  120.000000  30.000000  0.464000  32.000000  0.000000
 5.000000  85.000000  74.000000  22.000000  63.795787  29.000000  1.224000  32.000000  1.000000
 5.000000  112.000000  66.000000  38.353554  148.797445  37.800000  0.261000  41.000000  1.000000
 0.000000  177.000000  60.000000  29.000000  478.000000  34.600000  1.072000  21.000000  1.000000
 2.000000  158.000000  90.000000  29.830963  189.139996  31.600000  0.805000  66.000000  1.000000
 7.000000  119.000000  71.725524  24.899641  142.717299  25.200000  0.209000  37.000000  0.000000
 7.000000  142.000000  60.000000  33.000000  190.000000  28.800000  0.687000  61.000000  0.000000
 1.000000  100.000000  66.000000  15.000000  56.000000  23.600000  0.666000  26.000000  0.000000
 1.000000  87.000000  78.000000  27.000000  32.000000  34.600000  0.101000  22.000000  0.000000
 0.000000  101.000000  76.000000  33.523598  109.726097  35.700000  0.198000  26.000000  0.000000
 3.000000  162.000000  52.000000  38.000000  285.896821  37.200000  0.652000  24.000000  1.000000
 4.000000  197.000000  70.000000  39.000000  744.000000  36.700000  2.329000  31.000000  0.000000
 0.000000  117.000000  80.000000  31.000000  53.000000  45.200000  0.089000  24.000000  0.000000
 4.000000  142.000000  86.000000  32.534862  282.752147  44.000000  0.645000  22.000000  1.000000
 6.000000  134.000000  80.000000  37.000000  370.000000  46.200000  0.238000  46.000000  1.000000
 1.000000  79.000000  80.000000  25.000000  37.000000  25.400000  0.583000  22.000000  0.000000
 4.000000  122.000000  68.000000  29.745876  170.204113  35.000000  0.394000  29.000000  0.000000
 3.000000  74.000000  68.000000  28.000000  45.000000  29.700000  0.293000  23.000000  0.000000
 4.000000  171.000000  72.000000  39.894113  343.211677  43.600000  0.479000  26.000000  1.000000
 7.000000  181.000000  84.000000  21.000000  192.000000  35.900000  0.586000  51.000000  1.000000
 0.000000  179.000000  90.000000  27.000000  269.371589  44.100000  0.686000  23.000000  1.000000
 9.000000  164.000000  84.000000  21.000000  170.646334  30.800000  0.831000  32.000000  1.000000
 0.000000  104.000000  76.000000  16.924974  71.061477  18.400000  0.582000  27.000000  0.000000
 1.000000  91.000000  64.000000  24.000000  69.876917  29.200000  0.192000  21.000000  0.000000
 4.000000  91.000000  70.000000  32.000000  88.000000  33.100000  0.446000  22.000000  0.000000
 3.000000  139.000000  54.000000  25.413630  190.255403  25.600000  0.402000  22.000000  1.000000
 6.000000  119.000000  50.000000  22.000000  176.000000  27.100000  1.318000  33.000000  1.000000
 2.000000  146.000000  76.000000  35.000000  194.000000  38.200000  0.329000  29.000000  0.000000
 9.000000  184.000000  85.000000  15.000000  210.444084  30.000000  1.213000  49.000000  1.000000
 10.000000  122.000000  68.000000  33.077753  130.250650  31.200000  0.258000  41.000000  0.000000
 0.000000  165.000000  90.000000  33.000000  680.000000  52.300000  0.427000  23.000000  0.000000
 9.000000  124.000000  70.000000  33.000000  402.000000  35.400000  0.282000  34.000000  0.000000
 1.000000  111.000000  86.000000  19.000000  102.874504  30.100000  0.143000  23.000000  0.000000
 9.000000  106.000000  52.000000  27.436765  128.557907  31.200000  0.380000  42.000000  0.000000
 2.000000  129.000000  84.000000  26.554569  167.526496  28.000000  0.284000  27.000000  0.000000
 2.000000  90.000000  80.000000  14.000000  55.000000  24.400000  0.249000  24.000000  0.000000
 0.000000  86.000000  68.000000  32.000000  89.344430  35.800000  0.238000  25.000000  0.000000
 12.000000  92.000000  62.000000  7.000000  258.000000  27.600000  0.926000  44.000000  1.000000
 1.000000  113.000000  64.000000  35.000000  128.800114  33.600000  0.543000  21.000000  1.000000
 3.000000  111.000000  56.000000  39.000000  119.259168  30.100000  0.557000  30.000000  0.000000
 2.000000  114.000000  68.000000  22.000000  105.926745  28.700000  0.092000  25.000000  0.000000
 1.000000  193.000000  50.000000  16.000000  375.000000  25.900000  0.655000  24.000000  0.000000
 11.000000  155.000000  76.000000  28.000000  150.000000  33.300000  1.353000  51.000000  1.000000
 3.000000  191.000000  68.000000  15.000000  130.000000  30.900000  0.299000  34.000000  0.000000
 3.000000  141.000000  69.875302  30.621258  168.373899  30.000000  0.761000  27.000000  1.000000
 4.000000  95.000000  70.000000  32.000000  98.357934  32.100000  0.612000  24.000000  0.000000
 3.000000  142.000000  80.000000  15.000000  201.310884  32.400000  0.200000  63.000000  0.000000
 4.000000  123.000000  62.000000  27.974362  168.854190  32.000000  0.226000  35.000000  1.000000
 5.000000  96.000000  74.000000  18.000000  67.000000  33.600000  0.997000  43.000000  0.000000
 0.000000  138.000000  72.592949  37.807454  199.652549  36.300000  0.933000  25.000000  1.000000
 2.000000  128.000000  64.000000  42.000000  198.599567  40.000000  1.101000  24.000000  0.000000
 0.000000  102.000000  52.000000  18.558830  102.589380  25.100000  0.078000  21.000000  0.000000
 2.000000  146.000000  71.391674  32.976425  261.126827  27.500000  0.240000  28.000000  1.000000
 10.000000  101.000000  86.000000  37.000000  139.267634  45.600000  1.136000  38.000000  1.000000
 2.000000  108.000000  62.000000  32.000000  56.000000  25.200000  0.128000  21.000000  0.000000
 3.000000  122.000000  78.000000  26.919355  133.618003  23.000000  0.254000  40.000000  0.000000
 1.000000  71.000000  78.000000  50.000000  45.000000  33.200000  0.422000  21.000000  0.000000
 13.000000  106.000000  70.000000  35.590855  162.213268  34.200000  0.251000  52.000000  0.000000
 2.000000  100.000000  70.000000  52.000000  57.000000  40.500000  0.677000  25.000000  0.000000
 7.000000  106.000000  60.000000  24.000000  109.205900  26.500000  0.296000  29.000000  1.000000
 0.000000  104.000000  64.000000  23.000000  116.000000  27.800000  0.454000  23.000000  0.000000
 5.000000  114.000000  74.000000  27.070224  192.280080  24.900000  0.744000  57.000000  0.000000
 2.000000  108.000000  62.000000  10.000000  278.000000  25.300000  0.881000  22.000000  0.000000
 0.000000  146.000000  70.000000  32.602034  239.812674  37.900000  0.334000  28.000000  1.000000
 10.000000  129.000000  76.000000  28.000000  122.000000  35.900000  0.280000  39.000000  0.000000
 7.000000  133.000000  88.000000  15.000000  155.000000  32.400000  0.262000  37.000000  0.000000
 7.000000  161.000000  86.000000  34.087824  149.225906  30.400000  0.165000  47.000000  1.000000
 2.000000  108.000000  80.000000  28.849098  167.589794  27.000000  0.259000  52.000000  1.000000
 7.000000  136.000000  74.000000  26.000000  135.000000  26.000000  0.647000  51.000000  0.000000
 5.000000  155.000000  84.000000  44.000000  545.000000  38.700000  0.619000  34.000000  0.000000
 1.000000  119.000000  86.000000  39.000000  220.000000  45.600000  0.808000  29.000000  1.000000
 4.000000  96.000000  56.000000  17.000000  49.000000  20.800000  0.340000  26.000000  0.000000
 5.000000  108.000000  72.000000  43.000000  75.000000  36.100000  0.263000  33.000000  0.000000
 0.000000  78.000000  88.000000  29.000000  40.000000  36.900000  0.434000  21.000000  0.000000
 0.000000  107.000000  62.000000  30.000000  74.000000  36.600000  0.757000  25.000000  1.000000
 2.000000  128.000000  78.000000  37.000000  182.000000  43.300000  1.224000  31.000000  1.000000
 1.000000  128.000000  48.000000  45.000000  194.000000  40.500000  0.613000  24.000000  1.000000
 0.000000  161.000000  50.000000  28.982654  235.129782  21.900000  0.254000  65.000000  0.000000
 6.000000  151.000000  62.000000  31.000000  120.000000  35.500000  0.692000  28.000000  0.000000
 2.000000  146.000000  70.000000  38.000000  360.000000  28.000000  0.337000  29.000000  1.000000
 0.000000  126.000000  84.000000  29.000000  215.000000  30.700000  0.520000  24.000000  0.000000
 14.000000  100.000000  78.000000  25.000000  184.000000  36.600000  0.412000  46.000000  1.000000
 8.000000  112.000000  72.000000  28.544259  170.920525  23.600000  0.840000  58.000000  0.000000
 0.000000  167.000000  72.447869  26.984371  198.500955  32.300000  0.839000  30.000000  1.000000
 2.000000  144.000000  58.000000  33.000000  135.000000  31.600000  0.422000  25.000000  1.000000
 5.000000  77.000000  82.000000  41.000000  42.000000  35.800000  0.156000  35.000000  0.000000
 5.000000  115.000000  98.000000  41.315910  179.951083  52.900000  0.209000  28.000000  1.000000
 3.000000  150.000000  76.000000  29.474791  176.789536  21.000000  0.207000  37.000000  0.000000
 2.000000  120.000000  76.000000  37.000000  105.000000  39.700000  0.215000  29.000000  0.000000
 10.000000  161.000000  68.000000  23.000000  132.000000  25.500000  0.326000  47.000000  1.000000
 0.000000  137.000000  68.000000  14.000000  148.000000  24.800000  0.143000  21.000000  0.000000
 0.000000  128.000000  68.000000  19.000000  180.000000  30.500000  1.391000  25.000000  1.000000
 2.000000  124.000000  68.000000  28.000000  205.000000  32.900000  0.875000  30.000000  1.000000
 6.000000  80.000000  66.000000  30.000000  74.793740  26.200000  0.313000  41.000000  0.000000
 0.000000  106.000000  70.000000  37.000000  148.000000  39.400000  0.605000  22.000000  0.000000
 2.000000  155.000000  74.000000  17.000000  96.000000  26.600000  0.433000  27.000000  1.000000
 3.000000  113.000000  50.000000  10.000000  85.000000  29.500000  0.626000  25.000000  0.000000
 7.000000  109.000000  80.000000  31.000000  143.314808  35.900000  1.127000  43.000000  1.000000
 2.000000  112.000000  68.000000  22.000000  94.000000  34.100000  0.315000  26.000000  0.000000
 3.000000  99.000000  80.000000  11.000000  64.000000  19.300000  0.284000  30.000000  0.000000
 3.000000  182.000000  74.000000  30.745314  206.208531  30.500000  0.345000  29.000000  1.000000
 3.000000  115.000000  66.000000  39.000000  140.000000  38.100000  0.150000  28.000000  0.000000
 6.000000  194.000000  78.000000  36.994733  306.461730  23.500000  0.129000  59.000000  1.000000
 4.000000  129.000000  60.000000  12.000000  231.000000  27.500000  0.527000  31.000000  0.000000
 3.000000  112.000000  74.000000  30.000000  139.515730  31.600000  0.197000  25.000000  1.000000
 0.000000  124.000000  70.000000  20.000000  127.249028  27.400000  0.254000  36.000000  1.000000
 13.000000  152.000000  90.000000  33.000000  29.000000  26.800000  0.731000  43.000000  1.000000
 2.000000  112.000000  75.000000  32.000000  145.021028  35.700000  0.148000  21.000000  0.000000
 1.000000  157.000000  72.000000  21.000000  168.000000  25.600000  0.123000  24.000000  0.000000
 1.000000  122.000000  64.000000  32.000000  156.000000  35.100000  0.692000  30.000000  1.000000
 10.000000  179.000000  70.000000  34.815254  181.268629  35.100000  0.200000  37.000000  0.000000
 2.000000  102.000000  86.000000  36.000000  120.000000  45.500000  0.127000  23.000000  1.000000
 6.000000  105.000000  70.000000  32.000000  68.000000  30.800000  0.122000  37.000000  0.000000
 8.000000  118.000000  72.000000  19.000000  122.202019  23.100000  1.476000  46.000000  0.000000
 2.000000  87.000000  58.000000  16.000000  52.000000  32.700000  0.166000  25.000000  0.000000
 1.000000  180.000000  78.829399  33.800258  236.823287  43.300000  0.282000  41.000000  1.000000
 12.000000  106.000000  80.000000  27.357337  122.099220  23.600000  0.137000  44.000000  0.000000
 1.000000  95.000000  60.000000  18.000000  58.000000  23.900000  0.260000  22.000000  0.000000
 0.000000  165.000000  76.000000  43.000000  255.000000  47.900000  0.259000  26.000000  0.000000
 0.000000  117.000000  75.198897  32.284627  157.112655  33.800000  0.932000  44.000000  0.000000
 5.000000  115.000000  76.000000  30.082944  150.007436  31.200000  0.343000  44.000000  1.000000
 9.000000  152.000000  78.000000  34.000000  171.000000  34.200000  0.893000  33.000000  1.000000
 7.000000  178.000000  84.000000  32.654053  224.912988  39.900000  0.331000  41.000000  1.000000
 1.000000  130.000000  70.000000  13.000000  105.000000  25.900000  0.472000  22.000000  0.000000
 1.000000  95.000000  74.000000  21.000000  73.000000  25.900000  0.673000  36.000000  0.000000
 1.000000  81.842650  68.000000  35.000000  119.522965  32.000000  0.389000  22.000000  0.000000
 5.000000  122.000000  86.000000  32.526968  160.468205  34.700000  0.290000  33.000000  0.000000
 8.000000  95.000000  72.000000  32.869221  148.088848  36.800000  0.485000  57.000000  0.000000
 8.000000  126.000000  88.000000  36.000000  108.000000  38.500000  0.349000  49.000000  0.000000
 1.000000  139.000000  46.000000  19.000000  83.000000  28.700000  0.654000  22.000000  0.000000
 3.000000  116.000000  62.125410  19.030579  95.836382  23.500000  0.187000  23.000000  0.000000
 3.000000  99.000000  62.000000  19.000000  74.000000  21.800000  0.279000  26.000000  0.000000
 5.000000  135.213822  80.000000  32.000000  185.073973  41.000000  0.346000  37.000000  1.000000
 4.000000  92.000000  80.000000  35.234318  79.856226  42.200000  0.237000  29.000000  0.000000
 4.000000  137.000000  84.000000  30.931639  157.178778  31.200000  0.252000  30.000000  0.000000
 3.000000  61.000000  82.000000  28.000000  57.010698  34.400000  0.243000  46.000000  0.000000
 1.000000  90.000000  62.000000  12.000000  43.000000  27.200000  0.580000  24.000000  0.000000
 3.000000  90.000000  78.000000  32.786764  80.326091  42.700000  0.559000  21.000000  0.000000
 9.000000  165.000000  88.000000  32.793658  158.915821  30.400000  0.302000  49.000000  1.000000
 1.000000  125.000000  50.000000  40.000000  167.000000  33.300000  0.962000  28.000000  1.000000
 13.000000  129.000000  80.895463  30.000000  159.597949  39.900000  0.569000  44.000000  1.000000
 12.000000  88.000000  74.000000  40.000000  54.000000  35.300000  0.378000  48.000000  0.000000
 1.000000  196.000000  76.000000  36.000000  249.000000  36.500000  0.875000  29.000000  1.000000
 5.000000  189.000000  64.000000  33.000000  325.000000  31.200000  0.583000  29.000000  1.000000
 5.000000  158.000000  70.000000  28.910792  198.082320  29.800000  0.207000  63.000000  0.000000
 5.000000  103.000000  108.000000  37.000000  136.113523  39.200000  0.305000  65.000000  0.000000
 4.000000  146.000000  78.000000  27.006853  194.392752  38.500000  0.520000  67.000000  1.000000
 4.000000  147.000000  74.000000  25.000000  293.000000  34.900000  0.385000  30.000000  0.000000
 5.000000  99.000000  54.000000  28.000000  83.000000  34.000000  0.499000  30.000000  0.000000
 6.000000  124.000000  72.000000  29.155149  140.081591  27.600000  0.368000  29.000000  1.000000
 0.000000  101.000000  64.000000  17.000000  97.596398  21.000000  0.252000  21.000000  0.000000
 3.000000  81.000000  86.000000  16.000000  66.000000  27.500000  0.306000  22.000000  0.000000
 1.000000  133.000000  102.000000  28.000000  140.000000  32.800000  0.234000  45.000000  1.000000
 3.000000  173.000000  82.000000  48.000000  465.000000  38.400000  2.137000  25.000000  1.000000
 0.000000  118.000000  64.000000  23.000000  89.000000  30.621283  1.731000  21.000000  0.000000
 0.000000  84.000000  64.000000  22.000000  66.000000  35.800000  0.545000  21.000000  0.000000
 2.000000  105.000000  58.000000  40.000000  94.000000  34.900000  0.225000  25.000000  0.000000
 2.000000  122.000000  52.000000  43.000000  158.000000  36.200000  0.816000  28.000000  0.000000
 12.000000  140.000000  82.000000  43.000000  325.000000  39.200000  0.528000  58.000000  1.000000
 0.000000  98.000000  82.000000  15.000000  84.000000  25.200000  0.299000  22.000000  0.000000
 1.000000  87.000000  60.000000  37.000000  75.000000  37.200000  0.509000  22.000000  0.000000
 4.000000  156.000000  75.000000  39.127180  250.581871  48.300000  0.238000  32.000000  1.000000
 0.000000  93.000000  100.000000  39.000000  72.000000  43.400000  1.021000  35.000000  0.000000
 1.000000  107.000000  72.000000  30.000000  82.000000  30.800000  0.821000  24.000000  0.000000
 0.000000  105.000000  68.000000  22.000000  87.888562  20.000000  0.236000  22.000000  0.000000
 1.000000  109.000000  60.000000  8.000000  182.000000  25.400000  0.947000  21.000000  0.000000
 1.000000  90.000000  62.000000  18.000000  59.000000  25.100000  1.268000  25.000000  0.000000
 1.000000  125.000000  70.000000  24.000000  110.000000  24.300000  0.221000  25.000000  0.000000
 1.000000  119.000000  54.000000  13.000000  50.000000  22.300000  0.205000  24.000000  0.000000
 5.000000  116.000000  74.000000  29.000000  147.593917  32.300000  0.660000  35.000000  1.000000
 8.000000  105.000000  100.000000  36.000000  145.464924  43.300000  0.239000  45.000000  1.000000
 5.000000  144.000000  82.000000  26.000000  285.000000  32.000000  0.452000  58.000000  1.000000
 3.000000  100.000000  68.000000  23.000000  81.000000  31.600000  0.949000  28.000000  0.000000
 1.000000  100.000000  66.000000  29.000000  196.000000  32.000000  0.444000  42.000000  0.000000
 5.000000  166.000000  76.000000  40.953129  275.203001  45.700000  0.340000  27.000000  1.000000
 1.000000  131.000000  64.000000  14.000000  415.000000  23.700000  0.389000  21.000000  0.000000
 4.000000  116.000000  72.000000  12.000000  87.000000  22.100000  0.463000  37.000000  0.000000
 4.000000  158.000000  78.000000  31.747138  237.941660  32.900000  0.803000  31.000000  1.000000
 2.000000  127.000000  58.000000  24.000000  275.000000  27.700000  1.600000  25.000000  0.000000
 3.000000  96.000000  56.000000  34.000000  115.000000  24.700000  0.944000  39.000000  0.000000
 0.000000  131.000000  66.000000  40.000000  198.313862  34.300000  0.196000  22.000000  1.000000
 3.000000  82.000000  70.000000  20.115241  58.245104  21.100000  0.389000  25.000000  0.000000
 3.000000  193.000000  70.000000  31.000000  291.513604  34.900000  0.241000  25.000000  1.000000
 4.000000  95.000000  64.000000  28.365956  84.502610  32.000000  0.161000  31.000000  1.000000
 6.000000  137.000000  61.000000  29.295759  187.345284  24.200000  0.151000  55.000000  0.000000
 5.000000  136.000000  84.000000  41.000000  88.000000  35.000000  0.286000  35.000000  1.000000
 9.000000  72.000000  78.000000  25.000000  63.837791  31.600000  0.280000  38.000000  0.000000
 5.000000  168.000000  64.000000  29.229909  205.048397  32.900000  0.135000  41.000000  1.000000
 2.000000  123.000000  48.000000  32.000000  165.000000  42.100000  0.520000  26.000000  0.000000
 4.000000  115.000000  72.000000  27.790990  150.131524  28.900000  0.376000  46.000000  1.000000
 0.000000  101.000000  62.000000  19.569404  94.497363  21.900000  0.336000  25.000000  0.000000
 8.000000  197.000000  74.000000  31.221055  266.242131  25.900000  1.191000  39.000000  1.000000
 1.000000  172.000000  68.000000  49.000000  579.000000  42.400000  0.702000  28.000000  1.000000
 6.000000  102.000000  90.000000  39.000000  126.870354  35.700000  0.674000  28.000000  0.000000
 1.000000  112.000000  72.000000  30.000000  176.000000  34.400000  0.528000  25.000000  0.000000
 1.000000  143.000000  84.000000  23.000000  310.000000  42.400000  1.076000  22.000000  0.000000
 1.000000  143.000000  74.000000  22.000000  61.000000  26.200000  0.256000  21.000000  0.000000
 0.000000  138.000000  60.000000  35.000000  167.000000  34.600000  0.534000  21.000000  1.000000
 3.000000  173.000000  84.000000  33.000000  474.000000  35.700000  0.258000  22.000000  1.000000
 1.000000  97.000000  68.000000  21.000000  73.263941  27.200000  1.095000  22.000000  0.000000
 4.000000  144.000000  82.000000  32.000000  193.282185  38.500000  0.554000  37.000000  1.000000
 1.000000  83.000000  68.000000  18.992533  59.531495  18.200000  0.624000  27.000000  0.000000
 3.000000  129.000000  64.000000  29.000000  115.000000  26.400000  0.219000  28.000000  1.000000
 1.000000  119.000000  88.000000  41.000000  170.000000  45.300000  0.507000  26.000000  0.000000
 2.000000  94.000000  68.000000  18.000000  76.000000  26.000000  0.561000  21.000000  0.000000
 0.000000  102.000000  64.000000  46.000000  78.000000  40.600000  0.496000  21.000000  0.000000
 2.000000  115.000000  64.000000  22.000000  104.478973  30.800000  0.421000  21.000000  0.000000
 8.000000  151.000000  78.000000  32.000000  210.000000  42.900000  0.516000  36.000000  1.000000
 4.000000  184.000000  78.000000  39.000000  277.000000  37.000000  0.264000  31.000000  1.000000
 0.000000  94.000000  68.573411  25.683213  67.855479  30.438623  0.256000  25.000000  0.000000
 1.000000  181.000000  64.000000  30.000000  180.000000  34.100000  0.328000  38.000000  1.000000
 0.000000  135.000000  94.000000  46.000000  145.000000  40.600000  0.284000  26.000000  0.000000
 1.000000  95.000000  82.000000  25.000000  180.000000  35.000000  0.233000  43.000000  1.000000
 2.000000  99.000000  62.931579  18.806785  90.471111  22.200000  0.108000  23.000000  0.000000
 3.000000  89.000000  74.000000  16.000000  85.000000  30.400000  0.551000  38.000000  0.000000
 1.000000  80.000000  74.000000  11.000000  60.000000  30.000000  0.527000  22.000000  0.000000
 2.000000  139.000000  75.000000  26.925915  161.833013  25.600000  0.167000  29.000000  0.000000
 1.000000  90.000000  68.000000  8.000000  81.115606  24.500000  1.138000  36.000000  0.000000
 0.000000  141.000000  77.023158  36.756597  202.109038  42.400000  0.205000  29.000000  1.000000
 12.000000  140.000000  85.000000  33.000000  174.589295  37.400000  0.244000  41.000000  0.000000
 5.000000  147.000000  75.000000  28.790688  205.364060  29.900000  0.434000  28.000000  0.000000
 1.000000  97.000000  70.000000  15.000000  69.439705  18.200000  0.147000  21.000000  0.000000
 6.000000  107.000000  88.000000  34.442193  143.059002  36.800000  0.727000  31.000000  0.000000
 0.000000  189.000000  104.000000  25.000000  230.446870  34.300000  0.435000  41.000000  1.000000
 2.000000  83.000000  66.000000  23.000000  50.000000  32.200000  0.497000  22.000000  0.000000
 4.000000  117.000000  64.000000  27.000000  120.000000  33.200000  0.230000  24.000000  0.000000
 8.000000  108.000000  70.000000  29.048440  113.841144  30.500000  0.955000  33.000000  1.000000
 4.000000  117.000000  62.000000  12.000000  126.859945  29.700000  0.380000  30.000000  1.000000
 0.000000  180.000000  78.000000  63.000000  14.000000  59.400000  2.420000  25.000000  1.000000
 1.000000  100.000000  72.000000  12.000000  70.000000  25.300000  0.658000  28.000000  0.000000
 0.000000  95.000000  80.000000  45.000000  92.000000  36.500000  0.330000  26.000000  0.000000
 0.000000  104.000000  64.000000  37.000000  64.000000  33.600000  0.510000  22.000000  1.000000
 0.000000  120.000000  74.000000  18.000000  63.000000  30.500000  0.285000  26.000000  0.000000
 1.000000  82.000000  64.000000  13.000000  95.000000  21.200000  0.415000  23.000000  0.000000
 2.000000  134.000000  70.000000  26.109970  150.137118  28.900000  0.542000  23.000000  1.000000
 0.000000  91.000000  68.000000  32.000000  210.000000  39.900000  0.381000  25.000000  0.000000
 2.000000  119.000000  79.282686  24.861150  203.477087  19.600000  0.832000  72.000000  0.000000
 2.000000  100.000000  54.000000  28.000000  105.000000  37.800000  0.498000  24.000000  0.000000
 14.000000  175.000000  62.000000  30.000000  201.800686  33.600000  0.212000  38.000000  1.000000
 1.000000  135.000000  54.000000  29.311677  193.304274  26.700000  0.687000  62.000000  0.000000
 5.000000  86.000000  68.000000  28.000000  71.000000  30.200000  0.364000  24.000000  0.000000
 10.000000  148.000000  84.000000  48.000000  237.000000  37.600000  1.001000  51.000000  1.000000
 9.000000  134.000000  74.000000  33.000000  60.000000  25.900000  0.460000  81.000000  0.000000
 9.000000  120.000000  72.000000  22.000000  56.000000  20.800000  0.733000  48.000000  0.000000
 1.000000  71.000000  62.000000  19.935954  44.680322  21.800000  0.416000  26.000000  0.000000
 8.000000  74.000000  70.000000  40.000000  49.000000  35.300000  0.705000  39.000000  0.000000
 5.000000  88.000000  78.000000  30.000000  82.991336  27.600000  0.258000  37.000000  0.000000
 10.000000  115.000000  98.000000  26.287832  126.923449  24.000000  1.022000  34.000000  0.000000
 0.000000  124.000000  56.000000  13.000000  105.000000  21.800000  0.452000  21.000000  0.000000
 0.000000  74.000000  52.000000  10.000000  36.000000  27.800000  0.269000  22.000000  0.000000
 0.000000  97.000000  64.000000  36.000000  100.000000  36.800000  0.600000  25.000000  0.000000
 8.000000  120.000000  71.168188  28.503674  150.714555  30.000000  0.183000  38.000000  1.000000
 6.000000  154.000000  78.000000  41.000000  140.000000  46.100000  0.571000  27.000000  0.000000
 1.000000  144.000000  82.000000  40.000000  247.349473  41.300000  0.607000  28.000000  0.000000
 0.000000  137.000000  70.000000  38.000000  198.365295  33.200000  0.170000  22.000000  0.000000
 0.000000  119.000000  66.000000  27.000000  129.754591  38.800000  0.259000  22.000000  0.000000
 7.000000  136.000000  90.000000  30.612196  206.624292  29.900000  0.210000  50.000000  0.000000
 4.000000  114.000000  64.000000  24.474405  131.737133  28.900000  0.126000  24.000000  0.000000
 0.000000  137.000000  84.000000  27.000000  207.156636  27.300000  0.231000  59.000000  0.000000
 2.000000  105.000000  80.000000  45.000000  191.000000  33.700000  0.711000  29.000000  1.000000
 7.000000  114.000000  76.000000  17.000000  110.000000  23.800000  0.466000  31.000000  0.000000
 8.000000  126.000000  74.000000  38.000000  75.000000  25.900000  0.162000  39.000000  0.000000
 4.000000  132.000000  86.000000  31.000000  209.393303  28.000000  0.419000  63.000000  0.000000
 3.000000  158.000000  70.000000  30.000000  328.000000  35.500000  0.344000  35.000000  1.000000
 0.000000  123.000000  88.000000  37.000000  164.095734  35.200000  0.197000  29.000000  0.000000
 4.000000  85.000000  58.000000  22.000000  49.000000  27.800000  0.306000  28.000000  0.000000
 0.000000  84.000000  82.000000  31.000000  125.000000  38.200000  0.233000  23.000000  0.000000
 0.000000  145.000000  77.952177  37.628824  249.826726  44.200000  0.630000  31.000000  1.000000
 0.000000  135.000000  68.000000  42.000000  250.000000  42.300000  0.365000  24.000000  1.000000
 1.000000  139.000000  62.000000  41.000000  480.000000  40.700000  0.536000  21.000000  0.000000
 0.000000  173.000000  78.000000  32.000000  265.000000  46.500000  1.159000  58.000000  0.000000
 4.000000  99.000000  72.000000  17.000000  65.268760  25.600000  0.294000  28.000000  0.000000
 8.000000  194.000000  80.000000  38.576970  298.826360  26.100000  0.551000  67.000000  0.000000
 2.000000  83.000000  65.000000  28.000000  66.000000  36.800000  0.629000  24.000000  0.000000
 2.000000  89.000000  90.000000  30.000000  98.832666  33.500000  0.292000  42.000000  0.000000
 4.000000  99.000000  68.000000  38.000000  131.581858  32.800000  0.145000  33.000000  0.000000
 4.000000  125.000000  70.000000  18.000000  122.000000  28.900000  1.144000  45.000000  1.000000
 3.000000  80.000000  49.060825  20.274941  57.213766  24.978867  0.174000  22.000000  0.000000
 6.000000  166.000000  74.000000  28.225020  226.759886  26.600000  0.304000  66.000000  0.000000
 5.000000  110.000000  68.000000  23.726380  114.850976  26.000000  0.292000  30.000000  0.000000
 2.000000  81.000000  72.000000  15.000000  76.000000  30.100000  0.547000  25.000000  0.000000
 7.000000  195.000000  70.000000  33.000000  145.000000  25.100000  0.163000  55.000000  1.000000
 6.000000  154.000000  74.000000  32.000000  193.000000  29.300000  0.839000  39.000000  0.000000
 2.000000  117.000000  90.000000  19.000000  71.000000  25.200000  0.313000  21.000000  0.000000
 3.000000  84.000000  72.000000  32.000000  87.850964  37.200000  0.267000  28.000000  0.000000
 6.000000  132.875594  68.000000  41.000000  226.758593  39.000000  0.727000  41.000000  1.000000
 7.000000  94.000000  64.000000  25.000000  79.000000  33.300000  0.738000  41.000000  0.000000
 3.000000  96.000000  78.000000  39.000000  137.634810  37.300000  0.238000  40.000000  0.000000
 10.000000  75.000000  82.000000  31.859671  53.954220  33.300000  0.263000  38.000000  0.000000
 0.000000  180.000000  90.000000  26.000000  90.000000  36.500000  0.314000  35.000000  1.000000
 1.000000  130.000000  60.000000  23.000000  170.000000  28.600000  0.692000  21.000000  0.000000
 2.000000  84.000000  50.000000  23.000000  76.000000  30.400000  0.968000  21.000000  0.000000
 8.000000  120.000000  78.000000  19.995689  216.627519  25.000000  0.409000  64.000000  0.000000
 12.000000  84.000000  72.000000  31.000000  96.978126  29.700000  0.297000  46.000000  1.000000
 0.000000  139.000000  62.000000  17.000000  210.000000  22.100000  0.207000  21.000000  0.000000
 9.000000  91.000000  68.000000  24.459692  144.211152  24.200000  0.200000  58.000000  0.000000
 2.000000  91.000000  62.000000  19.895880  60.817020  27.300000  0.525000  22.000000  0.000000
 3.000000  99.000000  54.000000  19.000000  86.000000  25.600000  0.154000  24.000000  0.000000
 3.000000  163.000000  70.000000  18.000000  105.000000  31.600000  0.268000  28.000000  1.000000
 9.000000  145.000000  88.000000  34.000000  165.000000  30.300000  0.771000  53.000000  1.000000
 7.000000  125.000000  86.000000  33.943025  142.475917  37.600000  0.304000  51.000000  0.000000
 13.000000  76.000000  60.000000  29.140606  75.470621  32.800000  0.180000  41.000000  0.000000
 6.000000  129.000000  90.000000  7.000000  326.000000  19.600000  0.582000  60.000000  0.000000
 2.000000  68.000000  70.000000  32.000000  66.000000  25.000000  0.187000  25.000000  0.000000
 3.000000  124.000000  80.000000  33.000000  130.000000  33.200000  0.305000  26.000000  0.000000
 6.000000  114.000000  71.512287  27.341574  170.684944  34.738272  0.189000  26.000000  0.000000
 9.000000  130.000000  70.000000  33.424461  153.060749  34.200000  0.652000  45.000000  1.000000
 3.000000  125.000000  58.000000  26.220319  156.816460  31.600000  0.151000  24.000000  0.000000
 3.000000  87.000000  60.000000  18.000000  63.492190  21.800000  0.444000  21.000000  0.000000
 1.000000  97.000000  64.000000  19.000000  82.000000  18.200000  0.299000  21.000000  0.000000
 3.000000  116.000000  74.000000  15.000000  105.000000  26.300000  0.107000  24.000000  0.000000
 0.000000  117.000000  66.000000  31.000000  188.000000  30.800000  0.493000  22.000000  0.000000
 0.000000  111.000000  65.000000  22.742712  123.576632  24.600000  0.660000  31.000000  0.000000
 2.000000  122.000000  60.000000  18.000000  106.000000  29.800000  0.717000  22.000000  0.000000
 0.000000  107.000000  76.000000  35.090418  140.649784  45.300000  0.686000  24.000000  0.000000
 1.000000  86.000000  66.000000  52.000000  65.000000  41.300000  0.917000  29.000000  0.000000
 6.000000  91.000000  69.299750  24.187976  62.809252  29.800000  0.501000  31.000000  0.000000
 1.000000  77.000000  56.000000  30.000000  56.000000  33.300000  1.251000  24.000000  0.000000
 4.000000  132.000000  70.658174  31.307976  199.139063  32.900000  0.302000  23.000000  1.000000
 0.000000  105.000000  90.000000  27.876689  134.740070  29.600000  0.197000  46.000000  0.000000
 0.000000  57.000000  60.000000  28.257068  78.739559  21.700000  0.735000  67.000000  0.000000
 0.000000  127.000000  80.000000  37.000000  210.000000  36.300000  0.804000  23.000000  0.000000
 3.000000  129.000000  92.000000  49.000000  155.000000  36.400000  0.968000  32.000000  1.000000
 8.000000  100.000000  74.000000  40.000000  215.000000  39.400000  0.661000  43.000000  1.000000
 3.000000  128.000000  72.000000  25.000000  190.000000  32.400000  0.549000  27.000000  1.000000
 10.000000  90.000000  85.000000  32.000000  121.809190  34.900000  0.825000  56.000000  1.000000
 4.000000  84.000000  90.000000  23.000000  56.000000  39.500000  0.159000  25.000000  0.000000
 1.000000  88.000000  78.000000  29.000000  76.000000  32.000000  0.365000  29.000000  0.000000
 8.000000  186.000000  90.000000  35.000000  225.000000  34.500000  0.423000  37.000000  1.000000
 5.000000  187.000000  76.000000  27.000000  207.000000  43.600000  1.034000  53.000000  1.000000
 4.000000  131.000000  68.000000  21.000000  166.000000  33.100000  0.160000  28.000000  0.000000
 1.000000  164.000000  82.000000  43.000000  67.000000  32.800000  0.341000  50.000000  0.000000
 4.000000  189.000000  110.000000  31.000000  246.081293  28.500000  0.680000  37.000000  0.000000
 1.000000  116.000000  70.000000  28.000000  122.718182  27.400000  0.204000  21.000000  0.000000
 3.000000  84.000000  68.000000  30.000000  106.000000  31.900000  0.591000  25.000000  0.000000
 6.000000  114.000000  88.000000  27.722175  194.966709  27.800000  0.247000  66.000000  0.000000
 1.000000  88.000000  62.000000  24.000000  44.000000  29.900000  0.422000  23.000000  0.000000
 1.000000  84.000000  64.000000  23.000000  115.000000  36.900000  0.471000  28.000000  0.000000
 7.000000  124.000000  70.000000  33.000000  215.000000  25.500000  0.161000  37.000000  0.000000
 1.000000  97.000000  70.000000  40.000000  119.502362  38.100000  0.218000  30.000000  0.000000
 8.000000  110.000000  76.000000  30.632710  181.782301  27.800000  0.237000  58.000000  0.000000
 11.000000  103.000000  68.000000  40.000000  148.597390  46.200000  0.126000  42.000000  0.000000
 11.000000  85.000000  74.000000  23.470931  68.831646  30.100000  0.300000  35.000000  0.000000
 6.000000  125.000000  76.000000  28.857394  266.539317  33.800000  0.121000  54.000000  1.000000
 0.000000  198.000000  66.000000  32.000000  274.000000  41.300000  0.502000  28.000000  1.000000
 1.000000  87.000000  68.000000  34.000000  77.000000  37.600000  0.401000  24.000000  0.000000
 6.000000  99.000000  60.000000  19.000000  54.000000  26.900000  0.497000  32.000000  0.000000
 0.000000  91.000000  80.000000  28.197099  67.395201  32.400000  0.601000  27.000000  0.000000
 2.000000  95.000000  54.000000  14.000000  88.000000  26.100000  0.748000  22.000000  0.000000
 1.000000  99.000000  72.000000  30.000000  18.000000  38.600000  0.412000  21.000000  0.000000
 6.000000  92.000000  62.000000  32.000000  126.000000  32.000000  0.085000  46.000000  0.000000
 4.000000  154.000000  72.000000  29.000000  126.000000  31.300000  0.338000  37.000000  0.000000
 0.000000  121.000000  66.000000  30.000000  165.000000  34.300000  0.203000  33.000000  1.000000
 3.000000  78.000000  70.000000  30.960862  60.535314  32.500000  0.270000  39.000000  0.000000
 2.000000  130.000000  96.000000  28.552909  151.525791  22.600000  0.268000  21.000000  0.000000
 3.000000  111.000000  58.000000  31.000000  44.000000  29.500000  0.430000  22.000000  0.000000
 2.000000  98.000000  60.000000  17.000000  120.000000  34.700000  0.198000  22.000000  0.000000
 1.000000  143.000000  86.000000  30.000000  330.000000  30.100000  0.892000  23.000000  0.000000
 1.000000  119.000000  44.000000  47.000000  63.000000  35.500000  0.280000  25.000000  0.000000
 6.000000  108.000000  44.000000  20.000000  130.000000  24.000000  0.813000  35.000000  0.000000
 2.000000  118.000000  80.000000  35.369206  138.250892  42.900000  0.693000  21.000000  1.000000
 10.000000  133.000000  68.000000  27.984864  151.244892  27.000000  0.245000  36.000000  0.000000
 2.000000  197.000000  70.000000  99.000000  309.715853  34.700000  0.575000  62.000000  1.000000
 0.000000  151.000000  90.000000  46.000000  292.357873  42.100000  0.371000  21.000000  1.000000
 6.000000  109.000000  60.000000  27.000000  114.150213  25.000000  0.206000  27.000000  0.000000
 12.000000  121.000000  78.000000  17.000000  212.521856  26.500000  0.259000  62.000000  0.000000
 8.000000  100.000000  76.000000  35.773186  168.622910  38.700000  0.190000  42.000000  0.000000
 8.000000  124.000000  76.000000  24.000000  600.000000  28.700000  0.687000  52.000000  1.000000
 1.000000  93.000000  56.000000  11.000000  77.273363  22.500000  0.417000  22.000000  0.000000
 8.000000  143.000000  66.000000  34.193156  218.234978  34.900000  0.129000  41.000000  1.000000
 6.000000  103.000000  66.000000  20.848870  97.765074  24.300000  0.249000  29.000000  0.000000
 3.000000  176.000000  86.000000  27.000000  156.000000  33.300000  1.154000  52.000000  1.000000
 0.000000  73.000000  59.871948  18.672646  57.479777  21.100000  0.342000  25.000000  0.000000
 11.000000  111.000000  84.000000  40.000000  163.433939  46.800000  0.925000  45.000000  1.000000
 2.000000  112.000000  78.000000  50.000000  140.000000  39.400000  0.175000  24.000000  0.000000
 3.000000  132.000000  80.000000  31.705976  143.283377  34.400000  0.402000  44.000000  1.000000
 2.000000  82.000000  52.000000  22.000000  115.000000  28.500000  1.699000  25.000000  0.000000
 6.000000  123.000000  72.000000  45.000000  230.000000  33.600000  0.733000  34.000000  0.000000
 0.000000  188.000000  82.000000  14.000000  185.000000  32.000000  0.682000  22.000000  1.000000
 0.000000  67.000000  76.000000  33.260141  64.548804  45.300000  0.194000  46.000000  0.000000
 1.000000  89.000000  24.000000  19.000000  25.000000  27.800000  0.559000  21.000000  0.000000
 1.000000  173.000000  74.000000  33.587954  207.812076  36.800000  0.088000  38.000000  1.000000
 1.000000  109.000000  38.000000  18.000000  120.000000  23.100000  0.407000  26.000000  0.000000
 1.000000  108.000000  88.000000  19.000000  84.434643  27.100000  0.400000  24.000000  0.000000
 6.000000  96.000000  83.460467  15.825926  66.573538  23.700000  0.190000  28.000000  0.000000
 1.000000  124.000000  74.000000  36.000000  162.739152  27.800000  0.100000  30.000000  0.000000
 7.000000  150.000000  78.000000  29.000000  126.000000  35.200000  0.692000  54.000000  1.000000
 4.000000  183.000000  74.794547  30.506303  206.961451  28.400000  0.212000  36.000000  1.000000
 1.000000  124.000000  60.000000  32.000000  144.277461  35.800000  0.514000  21.000000  0.000000
 1.000000  181.000000  78.000000  42.000000  293.000000  40.000000  1.258000  22.000000  1.000000
 1.000000  92.000000  62.000000  25.000000  41.000000  19.500000  0.482000  25.000000  0.000000
 0.000000  152.000000  82.000000  39.000000  272.000000  41.500000  0.270000  27.000000  0.000000
 1.000000  111.000000  62.000000  13.000000  182.000000  24.000000  0.138000  23.000000  0.000000
 3.000000  106.000000  54.000000  21.000000  158.000000  30.900000  0.292000  24.000000  0.000000
 3.000000  174.000000  58.000000  22.000000  194.000000  32.900000  0.593000  36.000000  1.000000
 7.000000  168.000000  88.000000  42.000000  321.000000  38.200000  0.787000  40.000000  1.000000
 6.000000  105.000000  80.000000  28.000000  120.319901  32.500000  0.878000  26.000000  0.000000
 11.000000  138.000000  74.000000  26.000000  144.000000  36.100000  0.557000  50.000000  1.000000
 3.000000  106.000000  72.000000  24.000241  100.975194  25.800000  0.207000  27.000000  0.000000
 6.000000  117.000000  96.000000  27.259031  132.547591  28.700000  0.157000  30.000000  0.000000
 2.000000  68.000000  62.000000  13.000000  15.000000  20.100000  0.257000  23.000000  0.000000
 9.000000  112.000000  82.000000  24.000000  164.152056  28.200000  1.282000  50.000000  1.000000
 0.000000  119.000000  64.072649  29.691375  108.025933  32.400000  0.141000  24.000000  1.000000
 2.000000  112.000000  86.000000  42.000000  160.000000  38.400000  0.246000  28.000000  0.000000
 2.000000  92.000000  76.000000  20.000000  59.710802  24.200000  1.698000  28.000000  0.000000
 6.000000  183.000000  94.000000  30.023753  223.058224  40.800000  1.461000  45.000000  0.000000
 0.000000  94.000000  70.000000  27.000000  115.000000  43.500000  0.347000  21.000000  0.000000
 2.000000  108.000000  64.000000  29.125106  123.114390  30.800000  0.158000  21.000000  0.000000
 4.000000  90.000000  88.000000  47.000000  54.000000  37.700000  0.362000  29.000000  0.000000
 0.000000  125.000000  68.000000  22.788371  145.902260  24.700000  0.206000  21.000000  0.000000
 0.000000  132.000000  78.000000  28.865380  160.835573  32.400000  0.393000  21.000000  0.000000
 5.000000  128.000000  80.000000  31.161104  148.562990  34.600000  0.144000  45.000000  0.000000
 4.000000  94.000000  65.000000  22.000000  75.369495  24.700000  0.148000  21.000000  0.000000
 7.000000  114.000000  64.000000  24.828379  129.733324  27.400000  0.732000  34.000000  1.000000
 0.000000  102.000000  78.000000  40.000000  90.000000  34.500000  0.238000  24.000000  0.000000
 2.000000  111.000000  60.000000  20.129266  144.830680  26.200000  0.343000  23.000000  0.000000
 1.000000  128.000000  82.000000  17.000000  183.000000  27.500000  0.115000  22.000000  0.000000
 10.000000  92.000000  62.000000  19.542551  55.357730  25.900000  0.167000  31.000000  0.000000
 13.000000  104.000000  72.000000  30.380326  110.379512  31.200000  0.465000  38.000000  1.000000
 5.000000  104.000000  74.000000  31.720664  142.228335  28.800000  0.153000  48.000000  0.000000
 2.000000  94.000000  76.000000  18.000000  66.000000  31.600000  0.649000  23.000000  0.000000
 7.000000  97.000000  76.000000  32.000000  91.000000  40.900000  0.871000  32.000000  1.000000
 1.000000  100.000000  74.000000  12.000000  46.000000  19.500000  0.149000  28.000000  0.000000
 0.000000  102.000000  86.000000  17.000000  105.000000  29.300000  0.695000  27.000000  0.000000
 4.000000  128.000000  70.000000  28.674579  167.815517  34.300000  0.303000  24.000000  0.000000
 6.000000  147.000000  80.000000  30.656230  173.996840  29.500000  0.178000  50.000000  1.000000
 4.000000  90.000000  69.028100  21.659578  57.344991  28.000000  0.610000  31.000000  0.000000
 3.000000  103.000000  72.000000  30.000000  152.000000  27.600000  0.730000  27.000000  0.000000
 2.000000  157.000000  74.000000  35.000000  440.000000  39.400000  0.134000  30.000000  0.000000
 1.000000  167.000000  74.000000  17.000000  144.000000  23.400000  0.447000  33.000000  1.000000
 0.000000  179.000000  50.000000  36.000000  159.000000  37.800000  0.455000  22.000000  1.000000
 11.000000  136.000000  84.000000  35.000000  130.000000  28.300000  0.260000  42.000000  1.000000
 0.000000  107.000000  60.000000  25.000000  115.662051  26.400000  0.133000  23.000000  0.000000
 1.000000  91.000000  54.000000  25.000000  100.000000  25.200000  0.234000  23.000000  0.000000
 1.000000  117.000000  60.000000  23.000000  106.000000  33.800000  0.466000  27.000000  0.000000
 5.000000  123.000000  74.000000  40.000000  77.000000  34.100000  0.269000  28.000000  0.000000
 2.000000  120.000000  54.000000  22.739674  128.559545  26.800000  0.455000  27.000000  0.000000
 1.000000  106.000000  70.000000  28.000000  135.000000  34.200000  0.142000  22.000000  0.000000
 2.000000  155.000000  52.000000  27.000000  540.000000  38.700000  0.240000  25.000000  1.000000
 2.000000  101.000000  58.000000  35.000000  90.000000  21.800000  0.155000  22.000000  0.000000
 1.000000  120.000000  80.000000  48.000000  200.000000  38.900000  1.162000  41.000000  0.000000
 11.000000  127.000000  106.000000  31.378861  169.666639  39.000000  0.190000  51.000000  0.000000
 3.000000  80.000000  82.000000  31.000000  70.000000  34.200000  1.292000  27.000000  1.000000
 10.000000  162.000000  84.000000  32.574615  142.978597  27.700000  0.182000  54.000000  0.000000
 1.000000  199.000000  76.000000  43.000000  337.393531  42.900000  1.394000  22.000000  1.000000
 8.000000  167.000000  106.000000  46.000000  231.000000  37.600000  0.165000  43.000000  1.000000
 9.000000  145.000000  80.000000  46.000000  130.000000  37.900000  0.637000  40.000000  1.000000
 6.000000  115.000000  60.000000  39.000000  148.258748  33.700000  0.245000  40.000000  1.000000
 1.000000  112.000000  80.000000  45.000000  132.000000  34.800000  0.217000  24.000000  0.000000
 4.000000  145.000000  82.000000  18.000000  199.502267  32.500000  0.235000  70.000000  1.000000
 10.000000  111.000000  70.000000  27.000000  133.250295  27.500000  0.141000  40.000000  1.000000
 6.000000  98.000000  58.000000  33.000000  190.000000  34.000000  0.430000  43.000000  0.000000
 9.000000  154.000000  78.000000  30.000000  100.000000  30.900000  0.164000  45.000000  0.000000
 6.000000  165.000000  68.000000  26.000000  168.000000  33.600000  0.631000  49.000000  0.000000
 1.000000  99.000000  58.000000  10.000000  106.324232  25.400000  0.551000  21.000000  0.000000
 10.000000  68.000000  106.000000  23.000000  49.000000  35.500000  0.285000  47.000000  0.000000
 3.000000  123.000000  100.000000  35.000000  240.000000  57.300000  0.880000  22.000000  0.000000
 8.000000  91.000000  82.000000  33.403272  145.980241  35.600000  0.587000  68.000000  0.000000
 6.000000  195.000000  70.000000  29.609946  300.801366  30.900000  0.328000  31.000000  1.000000
 9.000000  156.000000  86.000000  30.502775  153.950688  24.800000  0.230000  53.000000  1.000000
 0.000000  93.000000  60.000000  27.456445  97.568131  35.300000  0.263000  25.000000  0.000000
 3.000000  121.000000  52.000000  34.392469  147.876790  36.000000  0.127000  25.000000  1.000000
 2.000000  101.000000  58.000000  17.000000  265.000000  24.200000  0.614000  23.000000  0.000000
 2.000000  56.000000  56.000000  28.000000  45.000000  24.200000  0.332000  22.000000  0.000000
 0.000000  162.000000  76.000000  36.000000  294.704814  49.600000  0.364000  26.000000  1.000000
 0.000000  95.000000  64.000000  39.000000  105.000000  44.600000  0.366000  22.000000  0.000000
 4.000000  125.000000  80.000000  30.767002  145.997117  32.300000  0.536000  27.000000  1.000000
 5.000000  136.000000  82.000000  25.713793  225.965093  28.931744  0.640000  69.000000  0.000000
 2.000000  129.000000  74.000000  26.000000  205.000000  33.200000  0.591000  25.000000  0.000000
 3.000000  130.000000  64.000000  16.820157  327.596573  23.100000  0.314000  22.000000  0.000000
 1.000000  107.000000  50.000000  19.000000  110.705174  28.300000  0.181000  29.000000  0.000000
 1.000000  140.000000  74.000000  26.000000  180.000000  24.100000  0.828000  23.000000  0.000000
 1.000000  144.000000  82.000000  46.000000  180.000000  46.100000  0.335000  46.000000  1.000000
 8.000000  107.000000  80.000000  25.045207  107.137392  24.600000  0.856000  34.000000  0.000000
 13.000000  158.000000  114.000000  36.018546  229.904948  42.300000  0.257000  44.000000  1.000000
 2.000000  121.000000  70.000000  32.000000  95.000000  39.100000  0.886000  23.000000  0.000000
 7.000000  129.000000  68.000000  49.000000  125.000000  38.500000  0.439000  43.000000  1.000000
 2.000000  90.000000  60.000000  18.862169  58.362707  23.500000  0.191000  25.000000  0.000000
 7.000000  142.000000  90.000000  24.000000  480.000000  30.400000  0.128000  43.000000  1.000000
 3.000000  169.000000  74.000000  19.000000  125.000000  29.900000  0.268000  31.000000  1.000000
 0.000000  99.000000  54.130827  18.553574  92.243285  25.000000  0.253000  22.000000  0.000000
 4.000000  127.000000  88.000000  11.000000  155.000000  34.500000  0.598000  28.000000  0.000000
 4.000000  118.000000  70.000000  31.439143  130.185845  44.500000  0.904000  26.000000  0.000000
 2.000000  122.000000  76.000000  27.000000  200.000000  35.900000  0.483000  26.000000  0.000000
 6.000000  125.000000  78.000000  31.000000  192.955148  27.600000  0.565000  49.000000  1.000000
 1.000000  168.000000  88.000000  29.000000  173.853722  35.000000  0.905000  52.000000  1.000000
 2.000000  129.000000  70.241045  40.224480  133.567120  38.500000  0.304000  41.000000  0.000000
 4.000000  110.000000  76.000000  20.000000  100.000000  28.400000  0.118000  27.000000  0.000000
 6.000000  80.000000  80.000000  36.000000  74.089270  39.800000  0.177000  28.000000  0.000000
 10.000000  115.000000  76.422853  26.891470  137.309158  32.202847  0.261000  30.000000  1.000000
 2.000000  127.000000  46.000000  21.000000  335.000000  34.400000  0.176000  22.000000  0.000000
 9.000000  164.000000  78.000000  31.707170  157.260405  32.800000  0.148000  45.000000  1.000000
 2.000000  93.000000  64.000000  32.000000  160.000000  38.000000  0.674000  23.000000  1.000000
 3.000000  158.000000  64.000000  13.000000  387.000000  31.200000  0.295000  24.000000  0.000000
 5.000000  126.000000  78.000000  27.000000  22.000000  29.600000  0.439000  40.000000  0.000000
 10.000000  129.000000  62.000000  36.000000  171.110763  41.200000  0.441000  38.000000  1.000000
 0.000000  134.000000  58.000000  20.000000  291.000000  26.400000  0.352000  21.000000  0.000000
 3.000000  102.000000  74.000000  27.434904  111.298268  29.500000  0.121000  32.000000  0.000000
 7.000000  187.000000  50.000000  33.000000  392.000000  33.900000  0.826000  34.000000  1.000000
 3.000000  173.000000  78.000000  39.000000  185.000000  33.800000  0.970000  31.000000  1.000000
 10.000000  94.000000  72.000000  18.000000  122.883633  23.100000  0.595000  56.000000  0.000000
 1.000000  108.000000  60.000000  46.000000  178.000000  35.500000  0.415000  24.000000  0.000000
 5.000000  97.000000  76.000000  27.000000  144.486809  35.600000  0.378000  52.000000  1.000000
 4.000000  83.000000  86.000000  19.000000  66.665688  29.300000  0.317000  34.000000  0.000000
 1.000000  114.000000  66.000000  36.000000  200.000000  38.100000  0.289000  21.000000  0.000000
 1.000000  149.000000  68.000000  29.000000  127.000000  29.300000  0.349000  42.000000  1.000000
 5.000000  117.000000  86.000000  30.000000  105.000000  39.100000  0.251000  42.000000  0.000000
 1.000000  111.000000  94.000000  30.382197  139.860631  32.800000  0.265000  45.000000  0.000000
 4.000000  112.000000  78.000000  40.000000  149.440498  39.400000  0.236000  38.000000  0.000000
 1.000000  116.000000  78.000000  29.000000  180.000000  36.100000  0.496000  25.000000  0.000000
 0.000000  141.000000  84.000000  26.000000  201.221769  32.400000  0.433000  22.000000  0.000000
 2.000000  175.000000  88.000000  29.884073  232.005821  22.900000  0.326000  22.000000  0.000000
 2.000000  92.000000  52.000000  22.756107  71.101713  30.100000  0.141000  22.000000  0.000000
 3.000000  130.000000  78.000000  23.000000  79.000000  28.400000  0.323000  34.000000  1.000000
 8.000000  120.000000  86.000000  24.370284  140.732632  28.400000  0.259000  22.000000  1.000000
 2.000000  174.000000  88.000000  37.000000  120.000000  44.500000  0.646000  24.000000  1.000000
 2.000000  106.000000  56.000000  27.000000  165.000000  29.000000  0.426000  22.000000  0.000000
 2.000000  105.000000  75.000000  29.368294  157.050656  23.300000  0.560000  53.000000  0.000000
 4.000000  95.000000  60.000000  32.000000  95.067311  35.400000  0.284000  28.000000  0.000000
 0.000000  126.000000  86.000000  27.000000  120.000000  27.400000  0.515000  21.000000  0.000000
 8.000000  65.000000  72.000000  23.000000  58.132129  32.000000  0.600000  42.000000  0.000000
 2.000000  99.000000  60.000000  17.000000  160.000000  36.600000  0.453000  21.000000  0.000000
 1.000000  102.000000  74.000000  37.499819  169.864260  39.500000  0.293000  42.000000  1.000000
 11.000000  120.000000  80.000000  37.000000  150.000000  42.300000  0.785000  48.000000  1.000000
 3.000000  102.000000  44.000000  20.000000  94.000000  30.800000  0.400000  26.000000  0.000000
 1.000000  109.000000  58.000000  18.000000  116.000000  28.500000  0.219000  22.000000  0.000000
 9.000000  140.000000  94.000000  32.760564  237.445795  32.700000  0.734000  45.000000  1.000000
 13.000000  153.000000  88.000000  37.000000  140.000000  40.600000  1.174000  39.000000  0.000000
 12.000000  100.000000  84.000000  33.000000  105.000000  30.000000  0.488000  46.000000  0.000000
 1.000000  147.000000  94.000000  41.000000  265.949160  49.300000  0.358000  27.000000  1.000000
 1.000000  81.000000  74.000000  41.000000  57.000000  46.300000  1.096000  32.000000  0.000000
 3.000000  187.000000  70.000000  22.000000  200.000000  36.400000  0.408000  36.000000  1.000000
 6.000000  162.000000  62.000000  27.652657  191.888576  24.300000  0.178000  50.000000  1.000000
 4.000000  136.000000  70.000000  32.171115  159.520253  31.200000  1.182000  22.000000  1.000000
 1.000000  121.000000  78.000000  39.000000  74.000000  39.000000  0.261000  28.000000  0.000000
 3.000000  108.000000  62.000000  24.000000  111.492659  26.000000  0.223000  25.000000  0.000000
 0.000000  181.000000  88.000000  44.000000  510.000000  43.300000  0.222000  26.000000  1.000000
 8.000000  154.000000  78.000000  32.000000  129.153682  32.400000  0.443000  45.000000  1.000000
 1.000000  128.000000  88.000000  39.000000  110.000000  36.500000  1.057000  37.000000  1.000000
 7.000000  137.000000  90.000000  41.000000  142.606972  32.000000  0.391000  39.000000  0.000000
 0.000000  123.000000  72.000000  31.333683  202.326071  36.300000  0.258000  52.000000  1.000000
 1.000000  106.000000  76.000000  33.892909  149.179045  37.500000  0.197000  26.000000  0.000000
 6.000000  190.000000  92.000000  32.694231  267.958518  35.500000  0.278000  66.000000  1.000000
 2.000000  88.000000  58.000000  26.000000  16.000000  28.400000  0.766000  22.000000  0.000000
 9.000000  170.000000  74.000000  31.000000  200.730071  44.000000  0.403000  43.000000  1.000000
 9.000000  89.000000  62.000000  18.860195  59.460804  22.500000  0.142000  33.000000  0.000000
 10.000000  101.000000  76.000000  48.000000  180.000000  32.900000  0.171000  63.000000  0.000000
 2.000000  122.000000  70.000000  27.000000  164.662366  36.800000  0.340000  27.000000  0.000000
 5.000000  121.000000  72.000000  23.000000  112.000000  26.200000  0.245000  30.000000  0.000000
 1.000000  126.000000  60.000000  30.083251  167.899317  30.100000  0.349000  47.000000  1.000000
 1.000000  93.000000  70.000000  31.000000  85.606550  30.400000  0.315000  23.000000  0.000000
